32
77
75
77
71
73
72
74
70
72
70
73
71
74
72
75
71
72
68
69
70
79
89
103
99
100
90
90
85
85
80
79
75
77
75
78
74
75
73
78
75
77
72
74
73
78
74
75
73
78
76
79
76
77
73
77
76
79
75
77
77
82
78
80
79
84
80
82
84
86
82
86
84
86
82
87
85
86
82
87
85
86
81
84
81
82
79
82
81
84
80
81
79
83
80
83
80
82
78
79
78
80
76
78
76
80
77
78
77
80
77
79
76
81
76
77
74
79
75
76
74
79
73
74
74
78
73
75
75
77
72
76
75
77
72
75
74
75
74
77
74
76
75
77
76
81
79
80
77
82
77
78
77
80
76
79
75
77
75
79
76
76
72
74
73
78
73
75
73
77
83
94
98
105
96
94
88
87
80
83
81
84
77
78
79
82
77
78
76
79
78
81
78
78
76
81
78
78
76
80
77
77
76
81
78
79
76
80
79
81
78
83
81
84
79
83
83
86
84
86
83
84
82
85
82
86
80
83
80
83
80
80
76
80
77
77
73
77
75
76
72
76
71
73
69
72
72
75
72
74
70
73
72
75
72
75
73
75
70
74
69
71
69
71
68
72
70
72
70
75
72
74
72
75
69
71
73
73
69
73
72
72
69
74
72
74
70
74
73
74
71
77
75
76
74
78
74
77
74
77
75
75
71
74
69
72
70
72
69
73
71
72
68
72
67
69
68
77
85
97
96
100
91
88
83
82
76
80
77
77
74
76
74
74
69
74
72
73
69
74
73
75
69
73
72
76
73
74
71
76
74
77
73
74
74
77
75
76
74
80
79
79
76
80
80
82
79
81
77
82
79
80
76
79
78
79
75
78
76
76
72
76
74
77
73
74
70
74
72
75
71
73
70
75
71
73
69
73
72
75
71
73
72
73
69
72
69
74
72
74
69
71
68
72
70
71
67
70
69
71
66
70
70
71
66
70
70
70
65
69
68
72
66
68
68
72
68
71
68
72
70
72
70
74
73
75
72
74
73
75
70
72
69
71
67
70
68
71
68
69
65
69
67
68
64
68
68
72
77
89
94
100
94
90
81
83
76
76
72
72
69
73
71
73
68
68
69
73
68
70
70
73
67
71
70
74
68
72
71
71
68
72
71
72
70
74
73
75
72
74
73
77
76
76
73
76
74
78
78
81
77
78
78
80
74
77
75
79
72
74
72
75
70
71
70
74
70
70
69
73
70
70
67
70
66
67
67
68
65
69
67
68
64
68
66
69
64
66
65
70
67
67
65
68
66
70
67
71
70
71
68
72
70
72
68
73
69
69
70
71
68
70
69
71
66
69
69
70
68
71
71
73
70
75
74
76
69
74
74
75
70
73
72
72
67
72
68
69
71
72
69
74
69
71
69
69
66
68
69
79
89
98
98
98
86
86
79
77
74
77
72
76
70
70
68
70
66
70
70
73
68
72
72
74
69
72
71
71
68
73
69
71
69
74
71
72
69
75
74
76
74
79
75
78
75
80
76
79
78
80
75
79
76
78
75
78
75
76
73
75
69
74
70
71
69
74
70
70
66
71
71
70
67
72
70
71
67
71
71
72
67
71
71
70
69
72
69
71
70
74
70
73
71
72
70
73
69
72
70
72
67
72
70
72
68
72
69
69
67
71
68
69
66
71
68
69
69
73
70
71
69
73
72
73
68
72
70
70
67
71
68
71
67
69
66
68
65
69
66
67
65
72
77
85
93
97
87
86
78
78
73
72
68
72
69
70
66
70
66
68
66
70
69
72
69
70
67
70
67
71
70
73
69
71
68
73
72
76
73
74
70
74
73
77
74
77
74
81
78
79
75
77
77
83
79
80
77
80
77
77
73
76
75
79
73
73
70
73
71
73
67
69
69
73
69
71
68
71
69
71
69
73
71
74
70
72
69
73
71
73
70
71
68
73
71
72
69
71
68
71
70
74
70
71
70
71
67
69
67
72
70
71
70
72
69
74
74
79
73
75
72
76
73
73
69
71
69
72
70
73
68
70
69
72
67
70
70
72
68
72
77
88
95
99
90
90
83
83
76
75
70
71
70
74
69
71
67
69
65
69
69
72
71
70
69
71
67
68
66
70
68
67
68
72
72
74
72
72
70
74
74
78
75
77
78
83
81
83
81
81
78
81
77
81
78
80
80
82
78
79
74
76
73
76
75
78
74
75
74
74
71
71
70
72
70
74
73
74
71
72
68
69
65
67
68
71
69
70
66
69
66
69
65
67
64
68
68
71
70
71
70
72
67
70
70
74
74
76
72
74
70
73
72
77
76
80
77
78
77
80
78
78
73
75
71
73
69
73
69
72
70
73
71
71
68
72
69
72
71
77
84
95
99
106
95
93
87
87
80
80
75
78
75
76
74
78
74
74
72
73
70
74
69
71
70
72
69
71
68
71
69
72
69
73
71
75
73
77
72
77
76
79
78
80
77
79
76
79
76
79
78
82
80
81
78
83
80
82
78
80
75
78
75
80
77
79
76
77
72
76
74
79
73
76
71
76
72
76
75
76
72
78
74
77
72
74
71
74
69
71
69
73
68
71
68
72
70
70
67
69
66
71
69
72
69
70
66
70
66
71
71
72
70
71
70
75
72
75
75
77
76
78
76
77
73
75
70
74
73
75
71
72
67
71
67
68
66
67
63
67
65
66
64
65
61
67
73
80
88
98
94
95
86
84
78
77
71
72
71
73
68
69
66
68
65
70
70
73
72
73
69
71
69
73
71
72
68
71
71
74
68
71
71
73
70
75
75
77
74
77
74
79
77
80
76
79
75
80
78
81
76
80
78
80
76
75
74
77
75
76
74
74
71
72
71
73
68
70
69
74
68
68
69
72
66
68
68
72
67
68
66
70
67
71
70
71
67
68
65
68
67
71
68
69
67
70
70
72
67
70
69
70
66
69
69
68
64
70
69
70
65
70
67
71
67
67
64
68
67
71
67
71
72
74
71
73
70
74
73
74
69
69
66
71
67
69
65
66
66
69
65
66
63
68
66
65
63
69
80
92
93
98
89
88
79
80
75
76
71
72
68
72
68
69
65
66
65
69
66
69
68
72
66
69
69
72
69
70
66
71
69
72
68
71
70
74
70
73
72
77
75
77
72
76
76
80
79
79
75
80
76
77
75
78
73
77
72
73
72
75
70
73
72
73
68
71
70
72
69
73
70
71
67
72
71
71
66
69
67
68
66
71
69
68
68
71
65
69
66
67
67
69
66
69
67
70
67
68
64
68
66
67
64
68
65
66
65
69
65
67
64
69
