32
72
77
75
77
77
81
76
76
75
80
73
74
71
75
69
69
69
72
67
68
65
70
64
66
65
69
64
64
66
73
81
91
99
105
93
90
87
87
81
80
78
81
75
77
75
80
73
75
75
78
74
75
75
79
75
76
75
80
73
75
73
77
72
73
76
78
73
75
74
78
74
79
82
87
82
84
86
90
86
88
86
88
83
84
85
87
81
81
81
83
75
77
80
84
77
76
74
77
72
75
76
79
74
74
72
75
69
72
74
77
71
71
71
74
68
70
69
72
67
70
70
75
69
71
70
76
72
74
74
78
73
76
77
80
76
77
77
78
73
74
75
77
72
74
74
77
73
75
76
80
76
78
78
81
77
79
80
84
79
81
78
82
75
78
78
81
77
78
77
79
73
74
72
73
67
70
68
71
65
67
67
70
73
81
94
104
97
97
90
89
80
79
76
77
72
75
75
78
73
73
70
72
68
71
71
73
68
71
70
74
69
74
75
78
74
77
77
80
77
79
78
80
75
79
78
81
76
81
79
83
78
83
82
84
80
83
82
84
79
82
79
80
75
79
76
77
73
76
73
74
72
75
76
77
74
76
76
78
74
77
76
78
75
78
76
78
73
78
75
76
73
77
75
77
74
78
76
79
75
77
74
74
72
74
71
71
68
72
70
72
71
75
73
76
72
78
75
75
73
77
74
75
73
76
74
76
75
79
75
77
77
83
79
81
78
83
79
81
76
80
75
76
71
75
69
70
67
69
66
67
67
73
70
70
68
72
77
85
98
109
102
99
90
91
80
77
74
76
70
69
69
72
70
72
71
75
70
71
69
73
68
69
67
70
66
68
69
75
73
75
75
79
74
77
75
79
75
78
78
84
80
81
82
85
82
83
83
86
82
83
81
87
83
85
83
85
80
77
76
79
73
75
72
76
71
73
71
75
70
71
70
74
69
72
71
77
71
73
70
75
70
73
73
79
73
75
75
79
74
74
75
78
74
74
74
78
73
75
74
77
74
74
75
79
72
74
74
79
74
75
76
80
72
74
72
77
73
75
75
80
75
78
78
81
74
76
75
79
73
74
74
79
75
76
74
76
68
69
68
72
68
70
71
75
69
70
68
72
69
77
92
105
99
99
92
92
83
83
81
84
77
78
78
80
72
73
73
75
71
72
72
75
70
70
69
73
68
71
73
78
74
76
76
79
73
73
73
76
72
74
78
84
80
83
84
87
82
84
82
86
82
84
85
88
83
85
81
84
79
82
81
81
75
74
72
76
71
75
74
76
72
72
71
73
68
71
72
76
71
74
73
75
68
69
68
70
65
68
69
74
68
70
69
71
67
72
72
73
68
70
68
71
68
71
71
73
68
70
69
70
65
67
67
70
67
69
71
74
69
74
71
73
68
71
70
71
67
70
70
73
70
74
73
74
69
70
69
70
66
67
65
67
69
78
89
98
90
90
84
82
74
75
75
76
71
73
69
70
65
69
66
70
66
71
70
72
68
69
67
70
67
70
67
68
65
69
66
68
64
69
69
74
71
75
74
77
76
81
80
83
80
84
82
83
79
81
77
77
76
82
79
77
73
75
70
72
70
75
71
70
67
71
68
70
68
73
69
70
68
70
66
66
64
69
66
68
67
71
66
65
65
69
65
65
64
68
63
64
62
67
63
66
65
71
68
68
67
69
67
66
66
68
65
65
66
69
66
66
66
70
68
70
68
72
69
68
68
72
68
68
66
71
66
67
66
70
61
62
64
70
77
89
96
102
90
88
82
83
75
74
71
75
67
68
66
71
65
65
63
68
62
63
61
66
61
63
63
68
62
63
62
66
62
64
64
69
65
68
67
74
69
73
71
78
74
77
78
82
79
79
81
84
80
80
81
84
78
78
79
82
76
78
76
79
72
73
69
73
66
67
67
70
66
67
68
70
66
66
66
69
64
65
64
67
63
64
64
69
62
66
65
71
64
66
65
70
64
68
66
71
63
66
66
71
66
70
69
74
68
71
72
77
72
74
73
77
72
74
74
77
72
71
69
71
65
66
67
72
66
68
68
71
66
67
65
68
64
68
78
91
93
100
92
93
83
82
77
78
71
70
68
69
64
65
67
69
66
67
67
70
65
66
66
68
64
66
67
69
67
68
69
71
67
71
72
75
72
75
75
79
76
79
79
82
77
80
78
81
76
78
77
81
78
82
80
82
75
78
74
76
70
71
69
71
65
68
67
69
65
67
67
68
66
69
69
71
68
71
70
72
69
72
71
73
68
69
68
69
68
71
70
73
69
71
70
73
67
71
70
72
68
71
70
72
69
72
70
74
69
72
70
73
69
73
72
74
71
75
74
75
71
75
74
74
70
74
71
73
68
72
70
71
68
70
68
70
67
69
65
63
61
65
71
82
90
101
94
91
82
85
79
78
72
74
70
69
64
68
66
68
65
70
68
70
67
70
66
69
67
71
69
69
66
71
66
68
67
74
71
70
67
72
71
74
74
79
78
79
77
80
76
78
76
84
81
83
81
84
78
78
75
80
76
77
75
77
72
72
69
74
70
73
72
77
72
72
70
72
67
67
65
71
68
69
69
73
69
69
66
70
66
68
67
73
68
66
65
69
65
66
66
72
69
68
69
71
65
67
66
72
69
71
68
73
68
67
65
70
64
66
65
72
68
70
71
73
68
70
70
76
71
71
70
74
68
72
70
72
66
66
65
71
66
67
67
70
65
65
62
65
59
62
68
81
91
100
99
99
88
86
79
82
74
75
72
77
71
71
70
72
69
68
68
71
67
70
70
72
65
68
68
73
70
71
70
73
68
68
68
73
68
71
70
77
73
77
79
84
79
81
82
86
81
83
83
88
83
84
83
84
78
77
77
79
74
74
73
75
69
72
71
76
71
73
74
78
73
74
73
77
71
72
71
74
68
69
68
70
66
67
67
71
66
70
70
75
71
73
71
73
68
68
67
70
65
68
68
72
66
68
67
70
64
66
66
70
64
66
66
70
64
67
67
71
66
69
68
72
68
71
70
74
67
69
69
72
67
68
68
69
64
65
65
68
63
65
66
68
63
66
63
65
61
65
74
84
90
99
91
90
81
81
75
76
69
70
68
68
65
68
66
68
63
67
67
72
69
73
72
74
70
73
73
74
68
71
69
71
67
72
71
75
72
77
76
78
75
78
77
80
78
82
80
83
80
84
82
86
82
86
84
85
80
80
77
78
72
76
73
76
73
77
74
76
74
77
74
75
72
75
73
73
70
73
71
71
68
73
71
72
69
72
68
68
65
67
65
67
64
68
65
