32
63
67
63
67
65
68
65
67
64
64
59
61
60
63
62
67
65
65
62
62
62
65
62
64
61
61
58
63
62
64
61
65
61
62
60
64
64
67
66
68
65
66
63
68
66
68
66
68
64
64
59
66
63
63
61
63
59
61
57
62
59
59
58
61
62
68
78
92
90
88
79
81
75
74
70
72
67
67
64
65
62
62
59
63
59
64
63
69
66
67
64
66
61
62
60
66
62
63
64
69
66
69
69
71
68
69
69
77
73
73
71
78
75
76
74
77
73
76
75
79
76
76
72
75
71
72
71
74
67
69
67
70
66
65
62
67
65
65
62
65
62
64
63
66
60
64
65
66
63
65
63
67
63
66
62
65
61
64
63
66
61
64
65
68
60
61
63
68
62
62
61
67
62
61
60
65
62
63
61
65
62
64
62
68
64
64
64
70
65
65
64
69
64
64
64
69
63
62
63
68
60
60
61
65
58
58
60
65
57
58
57
61
58
67
80
91
88
92
86
84
74
73
71
73
64
65
66
69
62
64
64
66
61
64
62
65
61
63
62
65
61
63
62
66
64
67
65
68
65
65
65
71
66
67
69
74
70
71
69
75
73
75
75
81
77
77
76
81
76
76
73
77
71
70
70
75
69
67
64
67
65
67
65
68
63
67
67
68
62
66
65
67
62
63
62
66
63
65
63
66
60
63
64
69
65
66
64
66
61
66
65
69
64
63
62
66
63
65
64
66
61
65
64
68
63
64
62
65
59
64
64
64
61
65
65
66
62
67
68
69
65
70
69
70
64
69
68
69
63
64
65
69
62
63
61
66
62
64
61
64
61
63
59
61
61
70
77
88
92
97
88
87
80
79
74
72
66
70
67
67
62
65
62
65
62
65
63
63
59
64
65
67
64
66
63
64
60
65
65
68
65
67
65
66
65
72
71
74
69
71
71
74
73
77
75
75
71
74
73
76
72
74
72
74
71
73
68
68
66
70
66
67
64
69
66
65
61
67
64
63
62
67
63
64
63
69
64
65
63
68
64
63
61
67
65
64
60
63
61
64
62
64
61
63
62
64
61
63
61
65
61
64
62
65
61
62
63
67
62
62
63
67
62
62
63
65
61
63
62
64
64
65
63
67
65
67
66
69
64
66
67
72
68
68
64
66
61
64
65
67
64
64
62
66
62
62
59
61
56
61
70
82
88
96
95
95
83
80
75
77
68
67
64
69
63
62
61
65
62
64
62
66
63
63
61
66
63
64
63
66
58
60
62
67
64
64
64
70
65
64
63
69
66
68
66
71
69
70
71
75
69
72
75
81
72
72
72
77
70
69
69
74
67
66
64
68
63
65
64
69
66
64
64
66
61
62
62
67
61
61
59
63
60
63
63
65
59
59
59
64
60
63
63
65
59
62
62
65
60
61
62
67
59
59
58
63
60
62
61
63
58
62
62
65
59
60
61
63
58
61
62
64
59
62
64
66
59
63
64
67
61
66
67
69
62
66
65
67
61
65
64
65
58
62
63
64
58
58
59
63
60
60
58
63
57
59
58
61
66
78
89
96
86
87
83
82
75
72
68
72
66
65
63
67
62
64
63
64
58
61
61
65
63
64
63
68
63
63
62
66
62
66
66
66
61
65
67
68
63
68
69
73
70
72
72
76
73
77
74
78
75
77
77
78
72
75
74
75
69
70
69
72
68
71
67
69
65
67
65
68
64
65
63
64
63
66
66
66
60
62
60
64
60
64
63
66
63
67
64
64
58
62
61
64
61
63
61
61
58
62
62
64
60
62
59
62
59
62
59
60
58
62
60
60
57
63
61
62
58
63
63
66
60
63
62
66
65
67
63
63
61
66
62
62
58
60
59
62
60
63
59
60
58
63
59
57
56
59
55
56
62
74
81
88
84
82
75
76
70
70
64
65
62
67
62
61
57
62
61
61
58
63
61
61
58
59
58
60
59
62
59
62
62
65
60
62
62
66
62
66
65
68
64
66
64
70
68
71
70
74
69
70
68
73
70
70
69
71
68
69
66
68
63
63
62
66
60
59
57
61
57
58
59
64
58
57
57
63
57
57
55
60
58
59
57
59
54
56
58
62
56
57
55
62
58
57
56
60
59
59
56
59
56
57
55
59
56
58
57
60
53
56
56
60
56
59
61
65
60
60
58
63
59
60
57
62
60
60
58
62
58
58
55
60
54
55
54
58
55
56
52
55
57
66
76
89
85
83
75
77
69
67
62
65
59
61
59
60
53
56
58
62
56
55
56
62
57
59
59
61
56
58
57
60
58
60
58
60
56
59
61
64
58
60
63
68
63
64
64
70
65
66
67
74
68
69
71
74
67
67
68
71
63
65
64
64
59
62
61
62
58
60
58
60
57
60
61
63
57
59
58
63
59
59
59
61
56
59
60
62
58
58
56
60
58
61
60
61
57
60
60
59
54
59
60
62
55
57
57
60
55
57
58
61
59
59
59
61
56
61
62
65
62
63
63
63
59
63
64
66
60
62
59
63
58
60
59
59
54
56
54
57
53
56
56
57
54
58
66
73
81
93
89
88
78
76
69
68
61
65
62
63
61
62
61
62
58
60
58
62
59
62
60
62
58
62
60
60
55
58
59
61
59
62
60
62
60
66
64
65
63
69
69
71
68
70
68
72
69
73
70
72
67
73
72
73
69
70
66
68
65
67
63
63
60
65
63
65
61
63
59
60
60
65
61
61
58
63
61
61
57
63
61
62
58
64
61
61
60
62
59
63
61
62
60
61
60
63
60
61
60
65
61
61
59
65
62
61
59
65
60
62
62
65
60
61
59
64
63
64
62
67
64
66
65
68
63
64
62
68
63
64
59
64
61
61
61
63
59
60
57
59
57
59
56
59
58
65
78
93
90
91
82
82
73
72
69
70
64
62
61
66
62
63
61
63
59
58
58
63
61
61
59
63
58
60
59
65
62
61
61
67
63
64
62
66
63
65
64
69
65
68
69
73
67
68
72
79
71
72
73
77
71
70
68
72
67
69
67
68
62
65
66
70
65
65
62
65
62
65
64
67
62
62
61
67
62
62
60
65
61
61
60
66
58
60
63
67
61
61
59
63
60
61
60
64
61
61
60
63
57
60
61
66
61
60
59
62
59
62
61
64
59
58
58
63
59
61
61
63
57
60
61
66
61
64
67
72
65
65
67
73
67
65
65
70
62
64
63
65
59
61
62
64
58
61
61
62
56
56
56
64
68
76
90
99
90
90
82
80
73
73
71
70
63
64
65
69
63
64
62
64
59
63
63
67
63
63
64
65
60
