32
80
78
79
75
78
74
77
77
80
78
78
74
78
73
75
74
79
76
80
79
82
78
82
81
83
81
84
81
82
78
83
81
84
80
81
77
80
77
80
77
78
74
78
75
77
73
77
73
74
72
75
75
83
92
102
106
109
97
96
91
89
81
82
79
82
76
78
77
81
74
76
75
80
74
76
75
79
74
76
75
77
72
77
74
76
75
78
75
79
76
78
78
80
80
84
80
85
83
85
84
88
83
88
86
88
84
89
85
87
85
89
85
88
84
86
82
85
82
84
80
82
80
84
80
82
81
83
78
81
81
82
78
81
78
79
79
81
76
79
79
82
79
82
80
83
81
83
80
84
79
79
79
80
77
84
80
81
79
83
79
83
80
80
79
85
78
80
79
81
76
80
79
79
76
80
79
81
79
83
81
86
80
80
78
83
79
78
76
80
76
76
73
77
76
76
72
76
74
74
70
73
72
78
86
93
98
106
94
92
82
85
79
78
73
76
74
73
72
75
72
74
70
74
71
72
70
73
70
74
72
74
73
78
74
79
78
78
74
79
78
80
77
80
77
81
79
82
79
82
77
83
82
85
79
82
82
86
82
83
82
85
78
82
81
83
77
78
74
78
74
75
72
77
72
73
72
76
71
73
72
75
70
73
73
76
72
76
74
75
72
77
75
75
72
75
74
75
71
77
74
74
72
76
73
76
71
73
72
75
70
72
70
74
69
71
71
74
72
72
69
75
75
77
74
78
75
77
73
78
77
77
71
75
73
76
70
72
71
74
69
72
71
73
68
71
69
76
78
87
96
102
92
90
82
83
78
78
73
74
71
75
72
73
69
71
71
73
71
72
68
71
71
75
71
73
69
72
72
76
72
74
71
76
74
78
75
77
75
79
78
80
76
82
81
83
79
84
83
85
80
85
82
81
78
82
80
81
75
78
76
77
73
77
73
75
73
77
72
75
73
74
73
75
70
72
72
76
70
72
72
76
71
74
72
77
72
74
73
74
71
76
71
73
72
73
71
76
73
74
72
76
72
73
70
75
72
73
70
76
71
72
74
78
74
77
76
80
76
76
76
80
76
76
74
77
70
74
72
73
69
72
72
75
69
72
71
71
68
73
75
83
93
100
94
96
85
83
79
79
73
75
73
75
70
72
71
75
71
71
70
75
71
71
70
75
72
73
71
75
72
73
70
76
74
77
74
76
73
77
75
76
76
78
75
80
77
82
82
87
82
82
80
84
83
83
81
81
77
80
78
79
74
76
73
76
72
74
71
74
72
74
71
72
71
73
71
73
68
72
72
73
71
72
69
73
69
73
71
73
68
71
69
73
71
71
69
71
67
73
70
74
71
71
69
70
67
72
72
75
72
73
70
74
71
76
73
73
69
74
74
77
73
77
77
77
70
75
74
75
69
75
72
73
70
71
67
70
68
72
69
70
66
71
68
69
69
76
83
92
95
104
95
91
83
85
79
78
72
74
72
73
69
74
71
72
68
72
71
73
69
72
69
73
72
74
71
73
72
75
71
72
70
75
75
77
72
75
72
76
76
82
79
82
77
81
80
82
80
81
78
82
78
83
79
81
77
79
75
78
74
75
70
74
71
73
69
72
72
73
68
71
70
73
70
71
68
73
71
71
68
73
71
73
69
71
68
72
72
75
70
72
71
75
71
71
68
71
70
73
71
75
71
73
70
72
66
69
69
73
70
71
68
71
69
71
70
73
70
71
69
72
71
76
74
75
71
75
75
78
73
75
74
75
69
71
70
72
66
69
68
71
68
68
67
71
66
67
69
75
81
94
95
98
89
89
82
79
74
76
72
72
69
72
69
70
68
72
70
72
68
73
71
72
69
72
70
72
68
72
71
72
69
73
72
76
72
73
71
76
74
78
77
79
75
77
75
81
78
81
80
84
80
81
78
80
76
79
77
79
75
74
72
78
74
74
72
74
68
73
71
71
67
70
68
69
67
71
68
68
66
70
70
72
69
70
68
72
70
71
67
73
71
72
69
75
70
72
68
70
68
71
70
72
67
68
68
72
66
69
69
72
67
69
67
73
70
69
67
72
69
70
70
73
71
74
71
75
73
75
71
74
72
74
72
73
70
70
67
72
68
70
68
72
66
67
67
71
65
66
67
72
77
87
94
101
87
86
81
82
74
73
72
74
70
71
69
71
67
72
70
71
65
69
66
69
68
70
66
73
70
71
68
74
70
72
71
76
73
74
71
76
75
77
75
81
78
80
75
80
80
82
79
83
81
83
80
82
78
82
78
78
74
78
74
75
71
75
73
73
71
75
71
72
69
73
70
70
68
71
66
71
68
69
66
71
70
71
67
69
66
70
67
68
66
71
69
70
65
70
68
70
67
70
68
70
66
69
68
71
66
69
67
70
67
68
66
69
68
71
66
70
69
73
67
70
68
72
70
71
68
72
68
70
65
69
67
68
67
70
65
67
67
69
65
67
66
70
76
88
92
98
88
88
82
80
72
75
73
73
68
70
70
71
66
69
69
71
66
68
67
71
67
69
66
72
69
73
71
71
68
70
68
72
71
75
70
74
72
74
73
77
75
78
76
81
77
79
76
81
78
81
76
81
78
80
75
77
75
77
73
75
72
74
70
71
67
71
69
71
66
70
70
71
66
69
68
72
67
70
69
72
70
71
67
70
69
71
67
70
70
72
67
68
66
70
69
71
66
71
69
72
67
69
68
72
67
68
68
73
68
69
69
73
69
71
73
76
71
75
73
75
70
72
71
74
68
68
65
70
64
66
67
69
65
66
64
69
65
66
63
70
76
85
91
98
88
86
80
77
71
74
70
70
67
70
68
70
65
67
65
69
66
68
64
68
67
68
66
67
65
68
65
66
64
67
68
72
69
70
68
74
72
74
72
76
75
78
74
78
77
79
75
77
76
79
76
78
76
80
76
79
76
78
74
78
74
75
70
71
68
69
68
73
67
68
68
72
69
70
69
73
68
71
71
73
68
69
69
73
69
70
69
73
71
70
68
74
71
71
69
71
70
71
67
71
66
68
68
70
67
70
68
72
69
70
71
74
69
74
74
74
73
75
70
75
71
72
68
72
67
69
67
67
65
69
65
68
67
67
63
67
67
71
77
88
92
100
88
84
79
79
72
72
70
73
69
69
66
71
68
68
65
70
68
69
64
69
68
69
67
68
65
69
65
66
64
69
69
71
67
71
70
75
73
75
72
78
77
78
74
80
78
78
75
79
79
80
76
79
76
77
72
76
74
75
69
73
69
71
69
70
67
71
69
70
68
71
68
71
69
71
