32
78
81
80
82
81
84
82
85
82
86
82
85
81
83
77
78
74
77
72
76
74
80
77
79
76
80
75
78
74
78
73
75
70
70
64
62
59
59
56
58
60
67
76
88
91
98
89
90
86
89
84
87
84
87
83
85
81
82
77
79
76
78
77
78
78
79
77
78
77
81
78
80
79
80
77
79
76
80
75
78
75
80
78
82
82
86
84
90
87
92
88
91
86
90
86
90
86
92
88
93
88
91
87
90
87
89
85
87
85
86
83
84
82
84
82
85
83
86
82
86
84
87
85
88
88
92
88
90
87
88
84
86
83
85
82
85
83
83
79
81
79
80
78
81
80
81
77
78
76
78
76
78
75
77
74
76
75
77
77
80
76
79
74
79
81
79
82
77
79
77
80
77
81
76
79
77
81
76
77
77
81
76
78
79
83
78
80
80
84
79
82
83
88
85
89
87
91
87
90
88
91
89
91
91
94
92
94
92
94
91
91
90
91
88
90
88
91
87
90
85
88
82
85
81
84
79
82
79
81
77
79
77
80
76
78
79
82
81
84
80
82
79
83
80
82
81
83
83
86
81
84
80
82
78
80
78
81
79
82
81
84
82
84
83
87
84
87
84
88
82
85
80
83
78
80
77
78
77
79
78
80
78
80
78
82
76
79
74
77
73
78
83
93
100
110
103
105
97
96
89
91
85
86
84
86
83
85
83
85
83
84
81
83
79
82
79
82
78
82
79
82
78
81
78
83
78
80
78
83
79
82
79
83
80
83
81
84
83
85
85
88
84
87
85
87
87
90
86
87
84
85
84
87
82
83
82
83
80
84
79
82
78
79
80
82
78
82
78
81
76
78
76
78
75
76
75
77
75
76
73
76
74
76
76
80
77
79
76
79
75
78
76
77
74
76
74
77
76
79
77
80
79
83
80
83
79
82
79
83
78
81
79
83
79
81
78
81
80
82
81
82
78
80
77
79
75
78
74
76
74
77
73
76
70
73
69
73
79
88
97
105
99
100
91
90
84
83
79
80
76
78
76
77
74
77
77
80
78
81
80
81
78
79
76
77
75
77
75
79
76
81
77
81
80
84
82
85
82
86
82
87
82
86
82
84
80
83
80
82
83
86
84
87
82
85
81
82
79
82
81
84
79
81
77
79
77
81
78
82
76
79
75
78
76
80
77
80
75
77
76
78
77
80
74
75
76
79
77
79
76
78
77
80
76
78
76
79
78
82
77
79
77
80
77
79
75
77
76
80
76
78
76
79
75
76
76
78
75
78
75
76
76
81
78
81
77
79
77
80
76
79
74
76
75
78
75
77
76
80
75
77
75
78
77
80
77
78
77
84
93
105
104
107
97
96
88
88
85
86
79
80
78
80
76
79
76
79
77
80
78
81
77
79
79
83
78
79
79
82
80
82
78
81
78
81
81
85
80
82
81
85
80
82
78
81
79
81
80
84
83
86
84
87
85
87
83
85
82
83
82
82
80
81
80
82
80
81
79
81
77
78
75
76
74
76
76
81
75
78
75
77
75
77
77
77
75
78
73
78
73
76
74
77
73
76
74
78
74
78
76
81
78
80
79
79
76
76
73
77
73
76
73
74
70
73
71
74
71
75
73
77
74
76
75
77
76
79
78
81
78
84
80
86
82
85
82
84
81
82
79
79
75
76
73
75
71
73
70
73
70
72
79
86
93
102
95
95
89
86
81
79
73
75
72
75
72
73
70
72
68
71
69
72
69
74
72
75
74
75
75
78
75
79
76
78
74
78
75
77
75
77
75
79
75
79
76
78
74
78
76
80
78
81
78
81
78
80
77
80
76
79
76
77
72
74
74
75
74
77
74
77
75
78
75
78
74
78
74
74
71
73
69
71
68
70
67
70
67
70
68
73
72
75
74
76
74
76
72
73
72
75
72
76
74
78
76
79
77
79
77
78
75
76
73
76
74
78
75
76
73
76
73
77
77
81
79
82
79
82
78
78
76
80
76
79
76
77
73
74
71
74
70
73
71
75
71
74
71
75
76
84
91
102
101
105
95
95
87
87
82
83
78
80
77
80
76
79
77
80
77
80
78
82
79
82
80
84
81
82
81
84
80
81
80
83
81
83
81
83
81
82
80
83
79
83
81
87
85
89
87
91
87
90
88
91
88
88
86
88
83
85
82
84
80
82
80
80
78
78
77
79
77
79
77
79
74
77
74
78
75
78
76
79
75
77
75
78
74
76
75
77
75
78
77
79
78
81
80
83
81
84
81
85
82
84
84
86
83
86
82
85
80
82
79
81
79
80
80
83
82
85
84
89
83
86
84
86
84
86
83
86
80
79
76
77
76
78
77
80
75
78
74
77
73
74
72
74
75
84
93
104
102
103
94
94
87
87
84
84
81
83
81
81
80
80
80
82
81
83
82
86
84
86
85
87
84
86
85
86
85
87
87
88
87
89
89
89
88
89
88
89
88
90
89
91
88
89
90
92
90
91
91
94
91
93
90
92
88
91
86
90
85
89
85
88
84
86
84
85
82
82
80
80
77
78
75
77
74
78
77
82
79
80
78
80
78
78
78
79
78
82
78
82
77
82
78
82
78
81
78
80
77
81
78
80
78
80
79
81
80
83
81
84
79
82
78
80
79
80
79
81
80
84
83
88
83
86
84
85
84
88
84
88
83
84
83
84
84
87
84
88
85
88
84
87
83
85
82
86
89
98
104
113
106
107
96
94
89
90
84
85
81
82
80
82
80
84
79
80
77
79
78
79
78
82
79
83
80
82
77
80
80
83
81
84
83
86
82
85
81
83
80
82
80
84
83
87
85
87
85
87
85
88
88
90
89
90
86
89
86
89
86
88
86
90
87
89
84
87
82
85
81
85
82
86
82
84
80
83
81
85
82
85
81
84
79
81
79
81
78
80
77
80
76
79
77
80
76
79
77
80
77
79
77
80
77
79
79
81
79
81
78
79
76
77
76
79
75
76
73
75
70
73
71
73
70
73
71
73
71
74
74
77
76
79
78
80
76
79
77
79
76
77
75
76
74
76
75
77
75
77
76
79
75
78
77
81
85
94
104
112
107
105
99
98
91
91
87
89
86
88
85
87
84
86
83
86
84
85
82
83
78
81
78
81
78
82
78
82
79
82
80
85
82
84
83
85
83
84
85
88
86
88
86
90
86
86
85
88
85
87
84
87
83
86
83
86
81
82
78
81
76
77
75
75
72
73
72
74
72
74
72
75
71
73
72
76
74
77
76
79
76
79
77
80
77
79
76
80
75
77
74
76
73
76
73
76
73
75
73
76
