32
75
73
75
75
76
74
75
73
76
75
79
75
76
74
78
75
78
78
82
76
77
74
76
74
76
74
77
74
75
72
75
71
73
69
71
71
76
88
98
100
105
94
93
85
84
80
80
78
78
76
78
75
75
72
74
71
74
72
77
75
77
75
79
74
76
73
75
72
74
74
76
74
76
74
79
76
79
79
84
82
84
82
86
83
84
83
84
80
81
78
80
76
79
76
79
73
76
75
77
73
74
69
71
68
70
67
70
67
69
68
71
68
70
68
72
69
75
75
78
77
79
76
76
73
76
74
79
78
81
79
82
80
82
80
81
80
82
81
81
80
81
78
79
75
77
75
78
75
78
76
79
76
78
75
77
73
75
73
77
73
76
75
80
75
79
75
79
76
80
76
77
72
74
71
74
71
74
73
75
72
76
75
79
77
79
79
83
91
100
104
111
103
104
96
96
90
91
86
87
83
84
79
80
74
76
73
76
73
77
74
79
76
79
77
76
72
76
74
78
78
81
80
81
78
80
76
79
79
83
81
84
82
83
81
83
80
83
80
84
82
87
84
87
86
87
82
83
79
81
78
82
79
82
77
78
76
78
74
77
74
79
73
78
75
79
76
80
78
80
77
77
73
75
71
73
71
76
73
77
76
77
72
77
76
78
74
76
74
78
76
79
77
79
77
79
78
80
77
78
76
76
74
75
74
75
72
74
73
76
72
76
75
81
80
83
82
85
82
85
82
86
81
84
80
84
80
82
78
82
77
79
76
78
74
75
74
80
87
98
104
110
101
99
91
91
82
83
79
81
77
79
75
79
75
78
76
79
76
78
75
76
73
74
72
75
72
74
71
75
71
73
72
75
71
74
72
78
76
80
77
80
76
78
76
80
77
80
78
82
80
83
81
83
78
80
76
80
76
79
76
79
75
79
76
80
77
78
75
77
73
77
76
79
77
78
78
80
79
81
80
82
79
81
79
82
80
79
79
79
76
78
75
79
77
81
80
82
80
82
80
80
77
78
75
77
74
77
74
79
75
78
75
79
74
77
75
79
77
81
78
81
78
79
78
80
76
77
74
75
70
73
71
73
69
73
71
75
72
75
75
78
73
74
74
77
84
93
101
110
102
100
94
92
84
82
78
79
76
76
74
75
73
75
72
73
69
72
72
74
71
74
74
76
74
76
78
81
78
80
79
81
80
82
78
81
78
81
79
81
80
84
85
89
86
89
86
88
86
89
87
90
86
90
85
88
84
87
83
86
82
84
80
82
79
80
77
77
74
76
73
77
74
77
75
79
77
80
77
79
77
79
76
78
76
81
78
81
77
79
75
77
77
81
78
80
76
79
76
79
76
80
78
81
79
81
78
78
75
77
73
76
74
79
79
84
83
87
84
85
83
84
80
81
78
80
76
79
73
76
73
75
72
75
73
74
72
73
70
75
81
93
101
109
103
104
97
97
90
91
86
87
84
85
81
82
79
80
76
78
76
78
75
78
75
80
77
81
78
81
79
82
80
81
77
79
76
80
77
81
80
84
81
83
83
84
83
84
84
86
84
85
82
86
81
85
82
86
82
84
82
83
79
79
76
78
74
77
74
78
73
77
73
75
72
74
73
75
72
76
73
77
73
76
73
75
71
75
73
78
76
80
78
81
78
79
78
78
75
77
75
79
77
78
76
77
73
75
72
75
71
74
71
74
71
75
74
79
76
78
77
79
77
77
74
78
75
79
77
79
76
76
75
76
72
73
70
71
71
74
73
76
72
73
71
73
72
76
82
92
99
108
103
102
93
90
83
83
78
78
76
80
78
79
76
79
76
80
79
83
80
82
81
84
79
80
78
82
78
82
81
85
82
83
80
83
81
85
83
88
84
85
82
86
84
87
84
86
83
87
86
90
87
90
86
87
82
83
79
84
81
83
79
83
79
80
79
82
79
81
78
82
80
82
79
82
77
81
79
83
79
82
78
80
76
79
77
78
74
78
75
78
76
79
78
81
80
80
79
82
81
83
81
84
81
84
82
85
82
84
81
84
78
80
77
79
78
81
81
83
82
85
81
85
82
84
80
81
76
78
77
79
77
80
78
82
78
82
80
83
79
82
77
81
82
92
102
113
111
112
103
102
95
94
87
88
84
87
83
85
81
83
79
80
76
79
77
80
77
80
77
80
76
79
77
79
76
80
78
82
82
86
84
87
85
89
85
87
83
85
85
88
88
93
89
91
87
90
87
89
88
92
87
89
85
86
81
82
80
82
79
81
80
84
81
83
81
83
81
83
78
80
76
78
76
78
78
79
77
81
78
79
77
79
75
78
77
81
79
82
81
85
81
83
82
85
82
84
82
84
80
83
80
84
80
84
82
84
81
82
80
82
80
82
80
83
78
81
78
81
78
80
77
79
75
77
74
78
75
79
77
81
78
80
77
77
74
76
79
88
97
109
108
108
100
98
92
90
85
85
81
82
77
81
80
83
79
81
80
83
80
83
82
83
81
83
82
84
80
83
80
85
82
85
83
87
83
83
82
83
80
83
81
87
85
89
88
90
86
88
86
90
87
90
88
90
87
87
84
85
81
83
79
81
76
77
75
78
73
76
73
75
73
74
75
79
76
80
77
79
77
80
78
82
79
81
79
81
79
81
79
81
78
80
79
82
80
84
81
83
80
82
78
80
78
80
78
82
78
81
78
83
79
83
79
80
79
81
81
83
81
83
80
84
79
80
77
79
76
77
75
76
72
74
73
77
82
91
104
113
108
106
99
97
88
86
81
82
76
77
74
77
73
78
77
81
78
80
78
80
78
80
77
81
77
80
78
80
76
81
78
82
79
84
82
87
86
90
89
92
88
90
90
92
90
93
92
93
90
93
92
93
88
89
86
86
82
84
82
84
81
85
82
86
83
86
83
84
81
82
80
80
78
80
79
81
79
82
79
81
80
83
81
83
80
83
82
85
82
85
82
83
81
82
81
83
81
84
82
85
84
89
88
91
90
94
93
95
92
94
91
92
89
91
86
87
85
87
85
87
85
88
86
88
86
89
87
89
85
85
84
88
95
106
113
119
109
108
100
100
94
96
94
95
92
94
90
93
90
93
91
92
88
90
87
89
89
90
88
90
87
90
87
90
89
95
92
97
95
99
95
99
97
99
97
99
96
99
96
99
99
102
101
105
104
106
100
102
101
104
101
102
100
102
98
99
97
99
94
96
92
95
92
97
94
99
95
98
96
98
94
94
91
95
93
94
90
93
91
95
91
93
89
92
91
95
92
95
91
93
89
92
89
93
89
93
93
96
94
95
94
96
