32
84
82
83
81
85
79
83
78
82
76
78
76
78
75
75
74
75
72
77
72
77
72
74
75
76
72
76
71
76
71
73
71
73
71
70
70
71
70
71
71
74
74
74
74
77
72
75
71
75
72
76
73
79
75
80
76
81
78
78
76
77
76
76
74
77
73
74
71
77
71
76
71
77
70
72
68
71
68
72
79
91
95
103
94
91
86
84
80
80
76
77
74
75
72
73
74
75
74
75
73
76
74
76
74
78
74
77
75
78
75
79
75
77
74
76
75
77
76
77
77
80
78
81
81
84
82
84
83
85
82
82
82
83
82
83
81
82
77
79
76
78
76
77
74
76
73
75
74
74
73
74
72
73
70
71
71
72
70
72
71
74
69
74
68
74
68
73
69
71
70
72
71
72
70
71
72
73
72
74
73
75
73
77
73
76
74
76
75
81
76
78
75
76
75
77
74
78
70
74
70
72
72
74
70
73
68
72
67
70
66
68
66
69
73
83
94
103
101
100
91
88
84
81
77
77
73
73
71
72
71
72
71
72
70
73
71
75
71
75
71
75
71
75
71
75
72
77
72
76
72
76
73
76
75
77
76
78
78
80
76
81
78
83
79
83
79
82
79
81
79
80
78
79
77
78
76
76
75
75
72
75
71
75
72
74
72
73
72
72
69
73
69
72
71
72
70
73
71
76
71
77
74
77
75
76
76
78
76
78
74
80
75
79
77
79
77
79
77
80
79
80
78
82
78
80
78
83
79
82
77
82
76
81
77
81
76
79
75
79
77
76
76
76
73
76
73
78
73
75
74
75
78
84
91
105
105
106
98
96
88
87
82
82
77
79
76
79
74
81
77
80
77
77
77
78
76
77
77
77
75
78
75
81
76
80
77
80
78
79
79
83
81
81
80
82
80
82
81
85
82
87
86
88
87
86
86
88
85
83
84
87
83
84
81
84
81
81
81
81
77
78
76
78
73
74
71
74
72
74
75
78
74
77
75
81
75
78
76
78
77
79
78
81
78
81
75
80
75
80
76
80
74
76
75
78
74
80
76
81
76
79
75
78
76
79
79
84
81
86
81
84
78
81
78
81
77
77
77
79
76
78
75
78
74
79
74
78
72
76
73
73
76
82
93
102
101
105
93
94
85
86
80
83
79
80
77
79
75
78
75
79
73
76
76
76
77
79
76
80
75
79
75
79
74
79
74
79
73
79
75
79
76
78
78
80
78
84
79
84
81
85
84
85
84
86
84
88
83
88
85
86
83
84
78
83
77
81
79
79
77
80
77
81
77
80
77
81
75
79
75
78
75
77
74
75
75
76
75
77
74
76
75
78
75
79
75
78
74
78
73
78
72
77
72
75
73
74
73
75
74
78
73
78
73
78
74
79
76
81
77
82
78
82
77
81
77
82
76
80
75
79
73
77
72
77
71
75
70
74
70
72
71
72
71
78
83
96
98
107
95
96
86
88
81
82
77
78
76
76
76
79
73
77
74
75
75
77
74
77
73
78
74
78
75
78
76
76
75
80
74
79
77
79
78
79
79
80
79
83
80
84
80
85
80
87
81
86
82
87
82
87
82
85
81
83
79
82
79
78
77
76
74
75
74
77
75
75
74
76
75
75
73
76
72
77
73
78
74
75
74
77
75
76
73
77
72
76
72
77
72
76
73
76
71
75
71
75
70
74
72
73
72
72
72
76
72
76
73
77
73
77
73
78
74
80
77
82
77
80
79
81
77
77
74
78
73
75
71
73
71
71
71
73
71
73
71
72
70
72
80
87
96
106
99
101
89
88
81
83
77
78
74
78
73
77
75
80
74
78
73
78
74
79
75
80
73
75
72
74
71
74
73
76
74
76
73
77
73
79
77
80
78
80
77
78
75
77
77
80
76
80
78
83
78
83
80
83
80
79
76
80
74
78
76
78
75
75
72
74
71
72
68
72
67
72
68
74
68
73
70
74
72
74
73
75
73
77
73
76
72
76
70
74
69
71
69
70
70
71
71
71
70
70
68
69
67
68
68
69
66
69
66
70
66
71
66
71
67
72
69
75
70
73
69
73
68
72
69
70
68
68
65
68
64
66
62
66
63
67
64
66
64
64
62
64
70
77
87
97
91
93
83
85
78
78
74
75
72
73
71
73
70
72
70
72
70
74
71
74
71
75
72
75
72
75
73
76
72
77
72
77
74
78
75
79
76
81
76
82
77
81
77
80
78
80
77
80
78
79
78
79
78
81
78
80
78
79
74
78
73
77
71
75
71
74
69
73
69
72
68
70
67
69
67
68
68
71
68
70
66
71
66
69
67
69
69
69
69
71
69
73
70
74
70
73
70
73
70
72
70
72
70
70
70
71
69
69
69
70
70
71
69
74
69
71
69
72
69
74
71
76
71
73
70
74
69
75
69
74
69
72
68
72
66
72
67
74
67
71
68
73
66
70
69
77
84
94
99
106
93
93
84
85
78
80
76
77
75
75
73
73
71
73
71
72
70
70
70
74
71
72
71
72
71
72
72
73
71
75
71
75
72
76
74
79
75
79
77
79
78
78
78
81
77
80
79
83
80
82
79
81
79
79
76
78
76
77
75
78
74
78
73
78
75
77
73
73
71
74
71
74
70
72
70
75
70
76
69
73
72
75
71
72
70
72
69
71
66
71
68
72
67
72
69
74
70
74
70
75
69
73
70
74
68
73
67
73
69
72
69
70
69
70
69
71
68
70
70
72
71
75
73
77
73
76
72
77
72
77
73
75
72
73
72
72
68
70
67
71
68
73
70
72
68
68
67
76
81
96
99
101
91
89
82
83
74
77
73
75
70
74
69
73
69
71
71
72
72
73
69
71
67
71
68
73
69
73
72
74
72
73
72
75
73
77
75
76
73
77
74
80
76
81
77
82
78
83
78
82
81
82
80
81
78
79
75
78
73
78
73
78
75
77
74
76
74
73
71
74
69
72
68
72
67
72
68
72
66
70
66
71
67
73
69
72
69
72
70
73
70
72
70
71
70
71
69
70
67
70
66
70
66
71
67
71
67
71
67
73
69
74
69
74
69
74
70
74
72
75
72
75
72
73
70
72
71
73
69
70
68
70
69
69
68
69
67
68
66
70
64
67
63
67
69
76
86
98
95
99
89
89
80
80
75
77
72
72
71
72
70
70
70
70
68
69
66
71
67
72
69
74
71
74
71
75
70
74
70
74
70
73
70
75
73
75
74
77
77
78
77
79
76
80
76
84
79
82
79
83
78
82
77
81
74
79
76
78
75
78
74
75
73
74
70
75
70
72
69
73
69
70
