32
100
101
105
110
104
106
104
106
104
109
105
106
105
110
107
109
103
104
104
109
101
101
102
106
99
101
99
104
102
104
107
115
120
129
129
131
118
115
112
115
103
102
101
103
96
97
99
104
98
101
103
107
102
103
104
108
100
100
104
108
104
102
102
108
101
103
103
107
101
103
104
108
99
105
104
107
104
103
106
110
103
105
104
106
100
100
98
100
92
94
92
97
89
92
90
95
88
90
90
94
87
88
87
91
86
88
88
91
85
89
92
93
87
91
90
92
87
90
92
95
91
96
95
99
90
94
96
100
96
100
98
103
94
97
97
100
95
102
101
104
101
104
104
107
99
101
101
104
99
104
104
109
102
104
103
104
101
104
102
103
95
96
94
94
91
96
96
99
93
97
92
93
87
88
87
89
96
104
116
127
125
129
120
120
110
110
105
104
98
99
97
100
95
100
99
99
95
97
96
97
93
99
99
100
99
101
102
104
103
108
104
105
101
105
103
105
104
111
107
109
109
113
111
112
106
109
106
107
104
108
103
102
100
105
101
101
95
98
93
92
92
97
93
94
93
98
95
96
90
93
90
91
89
92
93
93
91
98
93
96
92
95
93
93
91
95
93
93
95
98
95
96
93
95
95
96
95
100
95
97
93
98
92
92
90
94
92
90
94
98
93
92
95
101
95
95
92
96
94
95
97
105
99
102
98
104
97
99
95
99
94
92
95
98
95
95
96
99
95
95
96
101
95
96
94
99
103
109
122
133
126
126
120
122
112
109
106
108
101
100
97
100
91
94
92
95
87
89
87
92
87
87
87
92
85
86
89
92
88
89
87
91
86
87
88
95
88
91
91
97
92
96
95
101
96
98
101
106
99
100
100
103
96
98
99
103
96
96
95
99
92
94
95
102
93
96
94
101
93
93
94
97
90
91
91
95
88
89
90
97
87
89
88
93
87
89
89
96
87
90
93
96
93
95
94
99
91
93
94
98
92
92
96
101
94
95
96
101
94
97
94
97
90
90
91
94
87
90
91
95
88
90
91
96
93
96
97
99
93
94
95
98
92
94
92
95
90
94
94
96
91
94
93
93
89
92
93
97
92
94
94
99
103
118
123
130
118
119
115
114
104
105
102
101
94
97
94
98
91
96
95
96
89
89
88
91
87
90
92
94
89
92
91
92
85
88
88
89
89
94
92
95
92
96
94
94
89
94
94
98
95
99
101
102
97
101
102
102
99
101
97
97
94
98
96
98
93
97
95
95
95
99
97
98
93
98
95
97
92
95
92
93
89
91
92
94
92
96
93
96
90
97
93
96
95
101
100
102
96
101
96
95
91
95
96
95
92
97
95
96
94
100
93
94
94
98
93
93
90
94
92
91
93
96
90
90
87
90
90
91
89
95
89
91
89
92
91
93
93
98
94
95
92
97
94
95
90
93
88
88
87
92
88
87
89
94
92
92
88
93
91
94
105
120
124
125
119
121
112
109
106
108
101
101
95
99
92
91
89
94
93
95
92
96
89
89
88
91
89
88
88
92
89
91
90
94
89
91
87
91
87
92
92
96
94
95
98
105
99
101
102
107
105
104
103
107
102
102
103
107
102
100
99
103
99
100
95
100
93
93
93
96
91
90
91
94
89
89
92
96
92
93
92
98
90
91
91
95
88
89
89
94
85
87
89
95
90
94
95
99
94
97
99
103
97
93
94
98
91
93
92
96
90
90
91
96
92
94
97
100
96
96
98
102
98
98
99
104
99
98
100
103
96
95
98
102
98
99
101
103
97
96
100
103
97
98
97
102
96
98
95
99
91
91
92
95
91
94
93
98
93
97
107
122
125
129
123
121
109
107
104
105
100
100
101
103
97
98
97
98
95
95
98
101
96
99
98
101
96
97
99
104
99
101
99
103
96
99
98
100
95
100
100
103
100
105
104
106
100
104
102
105
101
105
107
112
105
108
106
108
102
104
102
102
100
103
102
105
97
100
96
95
93
95
95
99
91
92
93
95
92
95
96
98
93
97
97
98
94
97
97
99
95
99
95
95
91
94
94
96
93
96
96
100
98
102
99
101
97
103
100
102
95
96
93
95
94
96
95
96
94
96
96
98
92
99
96
96
93
94
95
97
93
95
94
95
93
97
94
97
96
100
97
97
93
95
93
94
92
94
90
89
89
96
101
108
114
124
113
111
103
104
92
92
92
96
91
90
87
91
90
90
89
92
88
86
86
92
89
90
90
96
92
94
92
98
93
94
94
100
93
95
94
101
97
100
98
103
101
104
102
107
100
99
99
105
101
102
101
105
99
98
97
101
95
94
91
95
88
86
87
93
90
88
87
91
86
85
85
87
82
81
79
82
78
77
77
82
77
76
74
78
73
73
73
76
73
75
76
80
76
73
74
78
74
75
77
84
80
82
84
90
85
87
87
93
87
88
96
103
99
103
103
107
104
104
104
108
102
105
103
109
103
106
108
113
105
105
104
108
102
101
99
101
97
97
99
103
96
98
99
106
101
108
117
133
133
141
133
130
123
119
114
112
102
99
98
99
89
85
84
85
74
71
69
69
68
68
69
73
70
71
73
75
73
75
75
78
76
83
84
88
85
87
94
101
93
94
96
102
97
97
98
100
99
101
105
111
104
106
109
115
114
123
125
131
122
128
131
137
134
135
130
134
132
136
134
137
138
141
141
148
143
146
148
154
154
163
165
177
179
187
186
192
191
196
193
198
195
200
196
200
197
201
197
201
198
202
198
202
198
202
198
201
186
180
163
156
133
119
89
69
51
42
31
28
44
60
71
82
87
98
97
100
99
103
107
114
120
129
140
151
157
169
172
181
181
188
186
183
166
161
153
155
153
157
146
144
124
118
110
110
106
110
105
108
104
108
105
109
108
112
110
115
116
119
116
120
119
123
122
127
121
121
125
131
137
142
141
149
146
149
142
146
138
140
133
133
129
129
122
120
111
110
102
100
96
99
94
98
95
97
93
95
89
89
86
87
83
84
82
83
83
87
84
86
83
87
81
82
79
84
80
82
81
83
82
84
83
87
86
88
88
92
91
94
92
95
93
95
93
96
93
98
97
102
101
105
106
112
110
115
114
118
116
120
118
122
118
121
119
121
117
119
116
120
116
118
116
120
114
117
112
113
106
107
104
105
102
104
100
101
94
93
90
90
87
88
83
84
76
76
76
79
82
91
98
105
94
93
83
80
74
74
72
73
68
69
70
73
69
71
68
70
68
71
71
75
74
78
78
81
79
82
80
82
79
81
80
83
82
86
85
89
88
92
91
93
93
97
96
