32
71
75
70
72
71
71
68
68
67
67
66
69
67
69
65
68
64
70
70
78
87
94
89
87
80
79
74
72
70
71
69
68
67
70
66
68
66
70
66
70
67
71
67
69
66
70
66
71
68
73
68
73
70
76
71
75
73
74
74
75
75
80
75
80
77
79
75
77
77
80
78
80
76
80
73
78
71
74
69
72
68
74
67
70
67
72
66
70
68
71
66
67
66
68
68
68
68
68
67
70
68
71
67
72
68
73
70
74
69
73
68
74
69
73
70
74
70
75
69
73
70
75
70
74
68
72
69
71
70
73
68
71
69
70
67
69
66
70
65
68
64
65
65
65
62
64
59
62
58
62
59
64
60
64
63
71
78
90
93
94
84
80
73
71
67
66
66
66
62
64
60
64
60
65
61
66
64
66
65
65
62
66
63
67
63
68
66
70
67
69
67
68
68
69
69
71
68
72
69
74
71
74
72
74
71
72
70
74
69
73
69
72
69
71
68
68
68
68
67
68
65
66
64
66
63
66
64
67
64
66
64
65
64
66
64
67
62
67
62
66
60
63
60
63
59
61
58
60
57
57
57
58
56
57
56
57
57
56
56
57
56
57
57
61
57
59
56
59
58
59
60
62
62
64
63
66
63
68
65
69
63
68
63
68
62
67
63
68
62
66
62
67
65
66
65
66
68
75
85
94
93
91
83
80
76
76
71
75
68
69
65
67
65
66
64
64
62
65
61
66
61
65
62
67
62
66
62
68
63
66
64
68
65
68
66
71
67
72
69
76
72
79
76
81
78
82
79
83
79
83
79
84
78
83
79
83
77
81
77
80
74
79
76
78
75
76
74
77
74
75
71
76
71
73
71
72
70
72
71
71
69
70
67
70
67
70
66
70
66
69
68
70
68
70
69
70
69
69
69
69
66
68
66
69
66
67
66
67
64
64
65
67
63
65
64
69
65
70
66
70
65
70
69
71
68
67
66
66
65
65
65
67
65
67
66
67
64
67
63
68
66
76
84
98
91
93
82
83
75
77
70
73
67
70
66
69
67
69
67
70
67
71
67
72
68
71
68
71
67
72
67
71
69
72
72
75
72
78
75
78
76
79
80
82
79
82
81
83
81
84
81
87
83
88
87
86
82
82
80
80
76
79
76
80
76
79
76
78
74
77
71
76
69
72
70
72
68
72
69
72
71
73
73
73
74
76
74
76
74
77
71
75
68
73
69
73
69
72
70
72
69
72
71
74
71
75
69
73
68
73
67
72
68
73
68
73
69
74
70
74
70
75
70
75
73
76
75
76
73
76
72
77
73
75
72
73
71
71
69
70
69
70
68
69
68
68
66
68
66
69
77
83
91
98
87
86
77
78
71
72
69
69
66
70
66
69
65
67
65
67
67
67
67
69
66
69
66
72
67
72
68
68
67
69
69
74
68
74
72
74
72
75
70
76
73
74
74
76
73
75
73
79
74
79
76
79
77
78
76
78
75
79
75
80
74
75
74
75
72
74
72
78
71
75
72
74
70
71
70
73
68
72
68
71
69
72
67
72
66
68
65
67
66
68
66
71
65
69
66
66
66
66
65
67
62
66
63
67
62
67
64
65
65
65
66
69
66
70
67
71
66
70
67
72
68
72
70
75
70
74
73
75
72
73
70
77
70
70
69
69
65
70
63
67
63
66
64
66
63
67
63
67
66
67
76
86
92
96
88
86
77
77
72
73
70
72
68
73
68
70
68
68
66
68
66
71
67
70
68
72
69
71
69
73
69
74
72
74
74
74
71
72
72
72
71
75
73
75
73
76
73
78
77
82
79
80
79
79
76
77
76
76
74
74
73
76
72
73
72
73
69
71
69
74
68
71
67
71
67
70
67
70
67
70
67
71
65
71
68
73
67
70
68
70
69
70
70
73
70
73
69
74
69
73
69
74
68
71
67
72
66
71
67
72
66
69
69
70
68
70
68
69
68
69
68
67
68
69
67
69
71
75
69
73
69
73
72
77
73
78
73
77
73
75
73
75
71
74
70
73
69
68
65
68
64
68
63
68
72
80
89
96
91
90
83
82
78
78
74
73
73
75
73
76
73
77
72
75
71
74
70
73
72
73
73
74
74
75
74
75
75
78
76
80
77
82
76
82
79
82
82
83
82
86
85
90
82
87
81
83
83
84
82
84
80
83
76
80
75
79
74
77
74
76
73
73
71
73
72
73
74
73
72
73
72
73
73
75
73
76
71
76
71
75
72
76
70
74
70
73
72
74
71
73
71
72
72
74
74
78
73
77
74
77
72
76
71
77
72
76
72
76
73
75
75
78
75
77
76
81
76
80
75
80
77
78
76
81
77
81
77
77
75
77
75
78
76
73
71
72
71
71
70
72
69
72
68
72
67
71
68
68
69
72
80
90
96
105
96
94
85
86
80
81
75
78
73
77
72
73
73
75
73
76
72
75
71
76
71
73
71
72
73
74
71
76
72
76
71
73
73
73
73
75
74
79
75
78
77
78
78
80
78
84
78
81
80
82
78
83
80
80
76
80
76
80
77
77
76
78
73
78
74
79
75
79
76
79
75
76
75
75
72
76
71
76
71
74
72
73
71
75
72
78
73
72
71
73
73
79
74
78
75
77
75
77
75
78
75
79
76
76
72
78
73
74
74
77
72
76
73
76
74
76
74
76
72
78
75
77
75
78
75
78
75
81
75
77
76
77
74
73
70
74
70
74
72
74
72
74
69
74
72
79
85
93
99
103
93
92
82
84
77
78
77
78
73
76
72
74
72
73
74
77
72
75
74
79
73
78
74
78
76
80
76
80
73
78
75
79
76
80
77
79
76
79
78
80
80
82
81
84
85
87
84
87
84
89
83
88
81
86
79
83
79
81
76
78
76
77
76
77
76
79
75
80
75
79
74
77
73
78
73
75
73
74
73
74
73
76
72
78
71
73
72
73
72
73
73
75
73
74
73
74
73
77
72
76
70
74
69
74
71
74
71
72
72
74
73
75
72
76
72
75
73
76
75
77
77
80
75
80
76
80
76
78
77
78
76
78
73
77
71
75
71
73
71
72
71
73
70
72
74
81
89
99
100
101
89
87
80
79
75
75
74
76
72
73
72
73
69
72
69
72
69
72
70
75
71
76
71
74
73
74
74
81
75
76
76
78
75
80
77
81
78
80
80
82
81
86
81
86
83
84
83
88
79
79
79
81
79
82
77
82
77
82
76
79
76
76
75
76
78
77
72
77
74
74
72
77
74
76
74
76
74
76
72
76
72
76
74
77
71
75
73
73
74
78
72
77
73
