32
78
81
80
82
81
84
82
85
82
86
82
85
81
83
77
78
74
77
72
76
74
80
77
79
76
80
75
78
74
78
73
75
70
70
64
62
59
59
56
58
60
67
76
88
91
98
89
90
86
89
84
87
84
87
83
85
81
82
77
79
76
78
77
78
78
79
77
78
77
81
78
80
79
80
77
79
76
80
75
78
75
80
78
82
82
86
84
90
87
92
88
91
86
90
86
90
86
92
88
93
88
91
87
90
87
89
85
87
85
86
83
84
82
84
82
85
83
86
82
86
84
87
85
88
88
92
88
90
87
88
84
86
83
85
82
85
83
83
79
81
79
80
78
81
80
81
77
78
76
78
76
78
75
77
74
76
75
77
77
80
76
79
74
77
73
75
70
73
69
70
69
69
67
68
64
65
64
70
78
90
94
100
89
89
83
81
76
77
73
74
72
74
69
71
67
70
68
72
70
74
72
75
72
77
73
76
72
75
70
72
68
72
69
71
70
73
70
72
71
74
73
76
74
78
76
78
75
78
76
78
76
79
80
83
82
86
82
85
81
85
80
82
79
81
77
81
77
80
76
78
75
79
75
79
78
81
79
80
79
81
79
79
76
78
75
78
75
78
75
77
76
78
78
81
81
83
81
81
80
81
79
79
77
79
77
79
77
80
77
80
80
82
79
81
80
82
79
81
81
83
80
82
80
82
77
80
75
77
71
72
71
72
70
71
70
71
68
69
68
70
67
67
70
77
86
96
101
106
95
96
89
90
83
84
79
81
75
77
74
76
72
74
73
75
72
74
72
73
71
72
70
73
69
71
69
73
72
77
76
79
75
78
75
78
75
78
79
83
80
83
83
86
82
85
81
85
79
80
78
80
78
80
78
82
78
80
78
81
76
79
75
77
74
75
77
81
77
80
77
81
76
77
77
80
78
80
79
84
79
83
80
85
80
83
80
82
78
81
78
81
78
81
79
84
79
80
79
84
78
80
78
82
78
82
78
81
77
80
76
80
77
80
76
79
75
77
73
76
71
74
69
71
66
68
66
67
65
67
66
69
67
69
66
68
69
76
88
101
100
104
96
95
89
87
84
84
78
79
76
77
71
74
71
73
71
73
71
74
72
75
74
78
74
78
75
79
76
78
76
78
76
79
76
78
77
79
78
80
78
79
77
79
76
77
77
79
75
77
75
77
73
77
74
77
75
76
76
77
78
79
76
78
76
78
77
79
77
80
78
81
77
81
79
81
77
81
78
81
78
81
78
82
78
82
79
81
78
81
79
80
77
78
75
76
74
75
73
75
75
78
77
80
80
84
82
86
82
85
80
83
80
84
82
84
81
82
81
82
81
82
81
84
82
84
82
85
82
85
78
80
81
88
98
110
111
114
104
103
95
94
87
87
83
84
79
80
78
80
77
79
78
79
77
78
76
79
77
80
78
80
77
80
77
81
77
81
77
80
76
78
77
79
78
79
77
80
77
80
78
80
78
81
80
82
79
81
78
83
79
83
81
84
80
82
80
82
78
78
77
77
75
76
75
76
74
76
75
79
76
78
76
80
76
79
76
81
77
82
79
84
81
84
83
85
83
85
83
85
83
86
84
87
84
88
85
89
87
88
87
89
86
87
86
87
84
84
81
82
80
81
80
83
80
82
81
83
80
81
79
79
77
78
83
90
101
109
105
104
96
95
89
89
84
84
81
82
79
81
78
81
77
80
78
80
77
80
78
80
78
80
78
80
78
81
80
83
80
82
81
84
81
84
83
87
82
85
82
85
83
85
85
88
85
86
84
88
84
87
85
90
85
88
84
87
83
84
83
86
82
85
82
86
80
82
79
81
77
78
75
76
72
74
72
74
70
71
71
72
70
73
71
73
70
74
73
76
72
73
72
75
72
75
74
77
72
75
74
77
75
77
79
82
80
84
81
83
80
82
78
80
77
80
77
82
76
77
75
77
74
76
75
77
76
79
77
82
88
99
104
109
98
98
90
90
86
87
84
85
83
84
83
85
81
82
78
80
77
80
77
79
74
78
76
78
75
78
78
80
79
83
82
84
78
81
80
82
80
83
82
86
81
84
80
83
79
82
82
85
83
87
84
87
82
85
80
82
78
80
78
80
77
80
76
78
73
75
71
73
69
72
69
71
68
71
70
74
70
73
71
74
73
76
72
73
72
76
74
79
75
79
75
79
75
79
75
80
74
80
76
78
77
80
76
80
79
83
80
84
82
88
86
90
87
91
85
87
84
86
81
83
79
82
79
83
79
83
78
79
77
80
83
91
100
109
101
100
92
92
82
81
76
76
70
71
66
68
67
70
71
76
75
79
80
83
82
86
86
90
87
90
88
92
88
91
89
92
88
92
90
93
88
90
85
88
82
86
83
87
84
86
84
88
84
88
85
88
85
87
84
88
82
84
80
81
78
79
78
80
78
80
75
78
74
78
74
78
73
75
75
77
75
76
75
77
74
75
75
76
76
77
77
80
78
80
80
82
81
83
82
85
82
84
83
85
80
85
81
83
81
83
83
84
83
86
85
87
83
87
83
86
82
84
80
80
77
78
75
77
74
77
74
79
75
78
76
77
75
78
82
89
97
107
107
110
101
100
92
92
85
85
80
84
79
82
78
81
76
78
75
78
74
75
72
74
70
73
72
74
74
78
78
83
82
85
83
86
82
86
82
86
84
85
83
87
84
86
85
86
84
87
85
86
82
85
83
84
80
81
75
78
73
73
70
70
68
67
67
69
68
70
69
72
69
71
69
71
70
73
72
75
71
76
72
76
73
77
73
76
71
75
72
75
71
74
71
74
71
73
72
74
71
73
70
74
70
74
71
74
71
74
75
78
75
79
77
80
77
82
77
79
74
76
72
74
72
74
73
76
75
78
76
79
73
76
73
76
79
89
97
106
102
104
96
95
86
87
81
81
76
78
73
74
72
74
71
73
72
74
74
76
75
79
77
79
78
82
79
80
79
80
77
78
75
77
75
78
76
80
79
80
78
81
79
80
79
81
79
81
78
81
77
79
78
80
78
82
80
83
78
80
75
77
73
75
71
74
70
71
70
74
72
75
71
73
70
71
70
74
71
74
71
72
68
70
68
70
70
73
71
75
70
73
71
74
73
77
76
80
77
80
78
81
77
81
78
82
78
82
80
83
81
86
84
87
84
86
85
88
85
87
83
85
81
83
80
83
79
79
76
77
72
74
70
71
66
68
72
82
92
103
101
100
91
90
82
81
76
76
73
76
71
74
72
76
74
75
74
75
74
75
76
75
73
74
72
75
72
77
76
81
78
