 488
 506
 491
 482
 469
 496
 510
 500
 490
 495
 494
 461
 472
 499
 490
 471
 465
 480
 469
 469
 476
 482
 471
 437
 461
 548
 613
 683
 619
 513
 386
 381
 388
 391
 414
 403
 434
 489
 482
 484
 477
 501
 491
 483
 491
 501
 491
 478
 494
 524
 509
 500
 495
 514
 503
 491
 499
 539
 521
 512
 509
 524
 523
 512
 520
 540
 524
 503
 515
 527
 546
 533
 529
 562
 542
 537
 538
 569
 549
 560
 559
 565
 548
 533
 538
 533
 545
 543
 521
 523
 510
 485
 483
 493
 499
 482
 485
 503
 481
 467
 462
 481
 482
 454
 467
 477
 470
 462
 474
 490
 486
 458
 461
 485
 481
 470
 466
 469
 478
 481
 481
 493
 475
 464
 482
 485
 481
 462
 479
 482
 491
 451
 475
 505
 491
 467
 455
 484
 485
 484
 475
 459
 475
 477
 482
 478
 484
 470
 459
 467
 473
 482
 471
 509
 473
 469
 466
 507
 474
 455
 453
 474
 476
 478
 464
 490
 476
 475
 471
 473
 482
 467
 484
 508
 483
 495
 498
 526
 492
 492
 467
 483
 469
 480
 458
 482
 467
 490
 468
 489
 465
 461
 471
 445
 455
 485
 572
 646
 654
 540
 430
 355
 391
 383
 388
 417
 436
 442
 452
 492
 502
 466
 474
 495
 501
 461
 491
 520
 487
 473
 493
 534
 509
 485
 498
 519
 516
 487
 494
 518
 518
 497
 506
 533
 513
 486
 523
 525
 516
 532
 520
 529
 525
 538
 525
 533
 554
 549
 548
 560
 560
 537
 542
 574
 562
 537
 539
 528
 514
 511
 479
 494
 506
 485
 470
 506
 484
 458
 467
 465
 476
 445
 458
 465
 475
 473
 461
 486
 468
 457
 469
 491
 468
 461
 450
 474
 474
 452
 464
 485
 488
 478
 455
 483
 480
 447
 474
 491
 477
 469
 468
 485
 474
 459
 458
 486
 483
 484
 474
 466
 482
 457
 477
 485
 470
 471
 469
 474
 474
 454
 457
 478
 480
 463
 458
 461
 472
 459
 467
 497
 478
 468
 471
 478
 475
 474
 470
 459
 468
 483
 460
 486
 486
 456
 481
 503
 489
 491
 482
 478
 484
 477
 467
 479
 481
 453
 464
 471
 467
 477
 453
 462
 475
 456
 452
 456
 523
 580
 633
 624
 543
 400
 361
 411
 395
 413
 411
 426
 466
 442
 477
 498
 475
 493
 463
 481
 503
 469
 490
 490
 500
 489
 502
 528
 505
 513
 499
 510
 508
 490
 503
 503
 511
 509
 520
 525
 520
 523
 510
 536
 527
 505
 531
 558
 530
 517
 526
 564
 549
 533
 545
 563
 560
 522
 544
 538
 548
 531
 523
 536
 515
 506
 482
 496
 495
 485
 484
 494
 505
 468
 482
 494
 499
 472
 470
 506
 481
 481
 460
 490
 483
 481
 464
 469
 486
 457
 476
 494
 487
 494
 467
 489
 489
 491
 475
 491
 478
 486
 477
 500
 503
 481
 477
 482
 490
 491
 477
 497
 487
 486
 489
 483
 509
 480
 473
 485
 490
 484
 474
 495
 479
 494
 470
 482
 486
 469
 486
 489
 490
 491
 466
 491
 481
 500
 476
 498
 496
 471
 481
 475
 502
 458
 473
 502
 481
 470
 486
 502
 511
 479
 489
 505
 499
 472
 478
 487
 495
 476
 491
 491
 493
 463
 485
 501
 493
 486
 474
 515
 489
 481
 474
 509
 508
 471
 491
 506
 498
 476
 484
 513
 487
 472
 503
 495
 500
 494
 479
 486
 489
 487
 470
 494
 489
 472
 480
 495
 506
 483
 490
 490
 513
 484
 507
 503
 503
 493
 493
 503
 510
 498
 488
 502
 484
 482
 486
 506
 509
 497
 474
 511
 492
 493
 493
 510
 515
 485
 495
 509
 501
 504
 492
 517
 503
 502
 485
 525
 507
 522
 505
 509
 507
 481
 491
 493
 514
 486
 497
 493
 507
 480
 490
 469
 502
 550
 606
 673
 646
 559
 408
 409
 434
 434
 437
 459
 479
 488
 500
 515
 516
 485
 511
 506
 531
 493
 525
 522
 537
 513
 517
 522
 534
 507
 516
 513
 541
 506
 530
 537
 548
 538
 526
 555
 534
 534
 534
 543
 554
 536
 533
 572
 554
 567
 546
 569
 584
 561
 574
 559
 591
 567
 575
 569
 577
 546
 562
 570
 553
 534
 538
 549
 543
 536
 520
 529
 517
 498
 494
 509
 502
 507
 498
 509
 505
 507
 496
 523
 508
 503
 490
 513
 515
 489
 493
 511
 514
 503
 513
 510
 517
 509
 505
 519
 522
 506
 506
 504
 522
 507
 498
 542
 506
 505
 506
 505
 515
 492
 506
 505
 518
 505
 506
 504
 522
 485
 509
 504
 511
 509
 495
 489
 519
 497
 493
 493
 515
 478
 504
 515
 524
 499
 503
 519
 505
 511
 486
 523
 513
 482
 504
 488
 519
 479
 497
 490
 524
 497
 505
 511
 510
 501
 507
 493
 525
 488
 500
 499
 524
 492
 503
 517
 525
 496
 498
 514
 514
 521
 499
 509
 529
 501
 506
 529
 506
 502
 499
 498
 526
 493
 510
 528
 520
 511
 506
 527
 514
 508
 494
 511
 523
 503
 507
 508
 529
 506
 510
 517
 516
 498
 495
 533
 523
 503
 509
 507
 527
 495
 513
 506
 523
 509
 525
 540
 536
 532
 521
 538
 536
 506
 505
 545
 521
 521
 517
 523
 534
 518
 498
 547
 524
 510
 468
 499
 557
 609
 685
 711
 646
 479
 409
 435
 444
 432
 447
 502
 511
 487
 512
 498
 533
 521
 526
 541
 547
 527
 516
 542
 535
 540
 527
 548
 543
 531
 548
 558
 546
 534
 527
 535
 554
 542
 551
 570
 564
 564
 551
 582
 562
 553
 554
 581
 571
 576
 561
 581
 586
 565
 573
 582
 602
 562
 574
 580
 580
 563
 557
 557
 576
 525
 529
 538
 533
 541
 517
 534
 532
 490
 506
 507
 520
 503
 491
 508
 516
 493
 493
 507
 518
 502
 499
 520
 530
 494
 505
 523
 518
 515
 493
 527
 506
 507
 499
 516
 524
 511
 508
 526
 518
 520
 489
 541
 524
 509
 510
 501
 533
 500
 497
 507
 529
 493
 507
 501
 515
 513
 501
 516
 532
 501
 509
 533
 513
 518
 496
 513
 529
 493
 490
 515
 511
 513
 505
 498
 528
 506
 492
 506
 528
 506
 500
 518
 519
 513
 489
 528
 533
 509
 506
 539
 508
 515
 514
 523
 511
 511
 501
 509
 538
 506
 504
 526
 531
 497
 520
 515
 525
 513
 501
 507
 526
 506
 517
 522
 521
 518
 500
 515
 528
 498
 501
 518
 513
 520
 506
 514
 528
 499
 489
 515
 519
 506
 500
 521
 525
 509
 503
 534
 513
 514
 510
 525
 528
 520
 497
 533
 537
 521
 518
 529
 533
 530
 513
 535
 527
 506
 490
 511
 525
 510
 505
 507
 529
 516
 497
 515
 505
 460
 514
 624
 684
 700
 635
 524
 411
 426
 410
 434
 450
 466
 498
 518
 522
 521
 508
 520
 553
 513
 523
 548
 530
 528
 524
 550
 546
 545
 520
 547
 563
 537
 530
 552
 568
 546
 533
 555
 567
 542
 544
 559
 569
 549
 551
 580
 578
 573
 570
 578
 581
 570
 583
 593
 597
 589
 590
 603
 610
 573
 574
 589
 595
 556
 559
 573
 554
 533
 528
 539
 534
 520
 510
 511
 530
 522
 493
 523
 533
 506
 503
 518
 520
 517
 502
 507
 525
 502
 503
 517
 520
 507
 491
 506
 525
 510
 509
 532
 517
 506
 511
 517
 524
 508
 509
 526
 527
 508
 504
 533
 524
 508
 501
 523
 525
 502
 505
 534
 532
 501
 503
 535
 517
 498
 509
 509
 510
 510
 500
 516
 526
 510
 503
 509
 523
 502
 493
 506
 524
 507
 501
 507
 521
 510
 505
 513
 521
 497
 500
 528
 520
 511
 507
 514
 517
 500
 502
 511
 525
 509
 506
 525
 521
 508
 507
 526
 528
 509
 509
 524
 514
 495
 505
 533
 522
 500
 497
 515
 524
 505
 498
 523
 514
 507
 507
 509
 522
 511
 511
 501
 520
 512
 499
 516
 540
 526
 510
 528
 542
 522
 518
 514
 532
 499
 504
 533
 539
 513
 486
 518
 523
 503
 502
 527
 525
 472
 482
 573
 641
 702
 701
 613
 479
 400
 410
 437
 453
 447
 468
 501
 534
 522
 507
 521
 541
 530
 520
 516
 542
 535
 530
 531
 540
 551
 517
 550
 566
 542
 531
 564
 567
 541
 526
 555
 571
 539
 539
 563
 577
 554
 538
 578
 593
 578
 562
 576
 608
 586
 563
 598
 610
 603
 577
 602
 607
 590
 566
 586
 594
 563
 557
 556
 569
 546
 523
 532
 548
 526
 507
 524
 525
 515
 509
 511
 523
 520
 502
 516
 512
 497
 504
 525
 523
 505
 484
 518
 533
 515
 501
 518
 525
 505
 493
 521
 525
 509
 509
 531
 515
 502
 509
 528
 525
 505
 497
 519
 532
 508
 497
 517
 533
 520
 489
 523
 533
 513
 488
 522
 540
 515
 508
 507
 518
 514
 498
 501
 522
 522
 495
 517
 516
 509
 501
 514
 514
 498
 508
 528
 516
 501
 502
 514
 539
 505
 490
 508
 529
 504
 494
 506
 515
 506
 492
 506
 529
 507
 486
 516
 537
 510
 492
 517
 531
 505
 502
 518
 523
 502
 499
 506
 527
 508
 497
 514
 517
 511
 509
 522
 514
 515
 499
 507
 518
 503
 494
 507
 534
 501
 490
 529
 534
 522
 533
 538
 533
 521
 512
 514
 522
 498
 499
 518
 514
 509
 509
 526
 517
 507
 507
 475
 485
 519
 587
 661
 737
 659
 516
 414
 425
 426
 430
 454
 474
 478
 487
 517
 531
 514
 503
 515
 548
 530
 521
 532
 553
 537
 525
 550
 553
 545
 533
 547
 553
 544
 541
 555
 562
 545
 528
 576
 569
 551
 541
 566
 586
 555
 556
 585
 585
 567
 558
 596
 602
 583
 573
 582
 605
 602
 592
 595
 597
 584
 585
 597
 586
 555
 536
 556
 560
 530
 529
 532
 542
 532
 511
 517
 516
 518
 515
 526
 511
 517
 510
 514
 514
 507
 518
 529
 514
 503
 502
 522
 540
 517
 497
 499
 521
 521
 502
 514
 522
 507
 497
 515
 534
 514
 495
 505
 529
 525
 518
 514
 532
 507
 486
 504
 530
 526
 504
 514
 522
 506
 502
 518
 528
 495
 498
 531
 533
 514
 487
 501
 531
 513
 494
 510
 516
 507
 495
 502
 529
 522
 504
 523
 520
 500
 509
 527
 533
 513
 518
 524
 517
 502
 498
 534
 535
 524
 488
 524
 522
 514
 507
 523
 526
 515
 498
 520
 522
 505
 517
 533
 532
 520
 500
 497
 524
 511
 498
 524
 525
 520
 507
 522
 519
 507
 513
 539
 539
 507
 495
 518
 531
 525
 522
 534
 543
 529
 518
 523
 538
 522
 511
 537
 541
 514
 499
 534
 529
 511
 497
 508
 535
 503
 491
 481
 553
 610
 698
 738
 652
 485
 390
 420
 457
 415
 436
 470
 516
 520
 507
 522
 545
 530
 522
 533
 542
 530
 518
 550
 552
 545
 523
 532
 539
 537
 529
 551
 567
 561
 547
 548
 567
 547
 546
 547
 574
 567
 550
 578
 573
 562
 549
 584
 591
 580
 570
 601
 592
 582
 576
 606
 625
 586
 580
 579
 593
 579
 558
 586
 587
 555
 551
 555
 553
 524
 518
 536
 533
 524
 507
 529
 538
 530
 501
 514
 524
 520
 504
 522
 518
 517
 490
 500
 530
 506
 498
 525
 518
 519
 487
 508
 515
 502
 507
 520
 542
 520
 502
 507
 526
 522
 504
 514
 544
 516
 497
 507
 505
 503
 487
 515
 535
 521
 503
 508
 525
 500
 493
 498
 523
 515
 501
 515
 522
 507
 484
 514
 526
 514
 511
 525
 535
 499
 498
 504
 506
 508
 493
 507
 522
 500
 490
 513
 518
 503
 491
 515
 526
 507
 489
 515
 518
 501
 487
 506
 528
 512
 483
 508
 511
 498
 505
 505
 514
 514
 497
 524
 520
 505
 481
 492
 498
 497
 485
 507
 515
 507
 511
 523
 541
 502
 503
 508
 530
 526
 514
 533
 537
 519
 488
 500
 519
 510
 499
 521
 515
 500
 483
 494
 509
 506
 478
 468
 535
 604
 664
 708
 651
 509
 382
 416
 418
 409
 432
 472
 513
 506
 501
 500
 539
 529
 520
 536
 545
 526
 516
 527
 545
 525
 509
 532
 532
 537
 526
 530
 564
 552
 541
 557
 548
 545
 525
 538
 549
 549
 537
 560
 584
 563
 556
 562
 576
 573
