353
 341
 349
 355
 349
 330
 320
 329
 320
 331
 328
 341
 345
 331
 324
 333
 337
 325
 315
 320
 328
 334
 337
 330
 330
 305
 315
 330
 320
 326
 333
 343
 333
 326
 328
 338
 325
 339
 335
 347
 330
 332
 328
 333
 337
 328
 336
 339
 343
 340
 354
 351
 332
 335
 328
 330
 320
 318
 324
 335
 335
 340
 336
 331
 322
 317
 321
 326
 338
 341
 342
 341
 334
 320
 321
 341
 343
 327
 331
 319
 324
 333
 341
 329
 327
 338
 342
 351
 345
 326
 324
 328
 315
 317
 328
 328
 331
 324
 340
 342
 338
 326
 333
 333
 333
 327
 334
 324
 330
 325
 334
 346
 337
 329
 341
 359
 361
 353
 347
 349
 324
 315
 324
 327
 316
 324
 330
 338
 343
 353
 343
 349
 331
 290
 325
 389
 464
 535
 493
 365
 234
 221
 258
 246
 261
 280
 310
 334
 342
 333
 349
 343
 332
 349
 336
 343
 341
 359
 372
 373
 370
 369
 374
 377
 378
 365
 378
 372
 367
 368
 374
 379
 383
 384
 393
 395
 394
 392
 386
 394
 396
 406
 408
 415
 419
 404
 407
 410
 417
 429
 425
 404
 407
 420
 416
 404
 378
 365
 372
 367
 362
 351
 362
 347
 347
 350
 357
 347
 333
 340
 347
 356
 347
 339
 342
 338
 335
 329
 333
 340
 348
 338
 341
 334
 331
 341
 339
 342
 359
 339
 347
 357
 357
 352
 349
 329
 345
 355
 351
 355
 345
 360
 350
 365
 348
 351
 343
 332
 338
 331
 341
 343
 342
 337
 343
 357
 349
 351
 345
 352
 358
 337
 346
 346
 338
 333
 337
 333
 319
 341
 343
 346
 330
 341
 331
 337
 348
 336
 357
 342
 333
 359
 354
 347
 343
 331
 337
 336
 325
 341
 332
 341
 346
 350
 359
 361
 362
 337
 342
 349
 349
 338
 345
 329
 320
 349
 344
 351
 362
 338
 349
 339
 342
 347
 361
 349
 345
 354
 350
 350
 356
 328
 337
 350
 372
 354
 370
 375
 356
 379
 357
 343
 333
 335
 342
 345
 341
 340
 356
 351
 363
 341
 361
 337
 300
 324
 364
 453
 522
 541
 444
 320
 249
 263
 281
 281
 289
 309
 345
 336
 357
 349
 354
 351
 346
 376
 367
 374
 378
 368
 375
 379
 370
 382
 381
 371
 388
 365
 378
 375
 365
 385
 395
 397
 400
 394
 414
 398
 402
 381
 404
 407
 408
 415
 417
 430
 433
 426
 428
 421
 410
 421
 419
 425
 427
 422
 417
 414
 381
 393
 390
 375
 374
 361
 367
 363
 362
 362
 369
 346
 328
 338
 343
 339
 332
 342
 350
 349
 353
 354
 345
 336
 321
 331
 347
 341
 348
 347
 357
 345
 344
 336
 352
 348
 325
 345
 356
 345
 338
 341
 349
 354
 357
 347
 359
 367
 362
 360
 366
 367
 362
 367
 367
 362
 358
 351
 359
 354
 345
 356
 367
 358
 354
 369
 364
 360
 358
 365
 366
 358
 355
 355
 360
 357
 341
 367
 366
 361
 345
 345
 363
 340
 348
 347
 352
 338
 344
 348
 372
 365
 342
 343
 358
 355
 336
 351
 354
 357
 356
 343
 354
 357
 367
 357
 370
 360
 356
 359
 362
 361
 337
 354
 369
 348
 346
 353
 367
 358
 336
 353
 358
 362
 347
 359
 360
 356
 341
 339
 359
 344
 325
 351
 359
 365
 350
 372
 382
 373
 362
 364
 373
 353
 348
 343
 370
 361
 357
 358
 367
 369
 362
 362
 363
 350
 342
 338
 324
 339
 404
 485
 581
 547
 427
 279
 269
 282
 266
 274
 301
 319
 331
 351
 375
 377
 371
 376
 385
 382
 363
 386
 393
 396
 377
 389
 390
 380
 372
 382
 398
 395
 393
 407
 402
 407
 387
 411
 407
 403
 386
 401
 411
 404
 392
 407
 417
 415
 421
 426
 437
 423
 428
 426
 441
 438
 438
 434
 445
 427
 420
 421
 423
 410
 389
 388
 409
 380
 357
 383
 382
 378
 364
 363
 378
 362
 349
 365
 374
 363
 349
 355
 373
 362
 353
 348
 359
 363
 346
 350
 360
 365
 349
 358
 374
 349
 360
 345
 377
 378
 370
 376
 386
 369
 366
 364
 358
 374
 355
 365
 366
 353
 349
 355
 366
 363
 355
 370
 372
 366
 347
 370
 375
 364
 361
 365
 377
 377
 354
 351
 367
 364
 349
 357
 375
 355
 355
 371
 371
 366
 346
 362
 371
 371
 351
 357
 367
 365
 341
 357
 365
 363
 351
 356
 369
 361
 357
 369
 377
 366
 349
 361
 370
 349
 339
 341
 374
 367
 358
 356
 364
 362
 347
 353
 361
 356
 335
 348
 370
 362
 350
 352
 358
 347
 346
 347
 357
 359
 355
 362
 378
 365
 364
 362
 376
 362
 355
 368
 379
 381
 373
 383
 397
 392
 382
 367
 373
 379
 354
 354
 362
 343
 340
 361
 367
 361
 357
 346
 335
 350
 409
 497
 576
 534
 402
 289
 260
 278
 255
 290
 322
 336
 343
 356
 373
 371
 358
 372
 395
 392
 362
 378
 378
 388
 367
 379
 378
 386
 397
 392
 417
 398
 393
 392
 420
 409
 400
 403
 438
 419
 424
 411
 437
 425
 427
 424
 455
 434
 439
 442
 460
 453
 445
 451
 445
 434
 430
 437
 447
 432
 429
 427
 437
 415
 403
 405
 429
 400
 375
 385
 395
 386
 349
 363
 351
 354
 342
 356
 357
 361
 349
 367
 386
 374
 372
 363
 401
 382
 370
 360
 382
 373
 334
 361
 369
 371
 362
 374
 403
 378
 379
 367
 407
 375
 386
 380
 406
 374
 358
 365
 364
 377
 368
 353
 369
 359
 352
 375
 403
 379
 361
 373
 393
 362
 343
 369
 379
 377
 355
 367
 387
 381
 351
 380
 392
 379
 373
 367
 369
 372
 346
 370
 373
 373
 351
 378
 398
 371
 377
 367
 395
 367
 349
 377
 392
 403
 375
 378
 409
 379
 374
 366
 372
 368
 337
 361
 371
 374
 361
 357
 355
 326
 337
 430
 539
 576
 515
 376
 255
 264
 257
 285
 320
 331
 336
 346
 375
 384
 365
 386
 385
 381
 361
 388
 391
 391
 369
 389
 392
 392
 383
 387
 434
 418
 408
 412
 424
 429
 412
 427
 424
 429
 419
 421
 443
 419
 418
 436
 433
 443
 423
 441
 454
 459
 474
 472
 473
 469
 452
 458
 491
 473
 438
 442
 426
 418
 409
 397
 419
 401
 392
 381
 395
 379
 372
 377
 374
 375
 371
 372
 392
 390
 371
 374
 382
 385
 363
 380
 378
 375
 354
 369
 369
 362
 372
 371
 386
 378
 348
 381
 365
 367
 362
 353
 362
 358
 356
 366
 395
 382
 375
 368
 402
 388
 374
 382
 367
 369
 364
 357
 385
 366
 369
 357
 378
 374
 360
 363
 379
 377
 360
 365
 356
 361
 349
 359
 389
 379
 362
 382
 383
 376
 377
 372
 402
 390
 371
 382
 370
 373
 374
 378
 400
 393
 376
 375
 399
 386
 380
 382
 395
 389
 362
 366
 378
 376
 364
 361
 373
 365
 342
 367
 363
 361
 324
 358
 431
 494
 556
 547
 452
 301
 257
 286
 296
 296
 310
 331
 373
 379
 383
 386
 392
 398
 362
 397
 389
 389
 375
 403
 400
 393
 399
 398
 414
 400
 395
 390
 407
 396
 396
 402
 421
 394
 406
 397
 420
 419
 400
 423
 430
 431
 431
 436
 459
 438
 440
 443
 469
 457
 440
 440
 462
 443
 437
 426
 441
 419
 401
 389
 402
 394
 379
 378
 393
 388
 375
 372
 383
 378
 357
 365
 376
 383
 370
 371
 379
 384
 379
 369
 365
 367
 341
 354
 374
 360
 354
 354
 375
 363
 355
 366
 366
 370
 349
 378
 386
 382
 379
 379
 378
 375
 381
 368
 381
 364
 370
 363
 386
 372
 346
 370
 388
 375
 369
 373
 379
 379
 358
 367
 383
 377
 370
 364
 386
 363
 363
 358
 371
 375
 350
 360
 383
 360
 358
 368
 380
 382
 378
 379
 381
 376
 361
 374
 383
 378
 375
 386
 399
 388
 380
 373
 365
 367
 353
 366
 382
 379
 380
 382
 390
 386
 367
 373
 365
 340
 365
 445
 537
 597
 546
 417
 272
 271
 282
 284
 314
 331
 364
 367
 403
 397
 390
 392
 412
 406
 394
 410
 411
 408
 401
 411
 427
 421
 412
 417
 427
 424
 397
 418
 417
 421
 421
 420
 447
 436
 412
 423
 436
 435
 436
 435
 454
 437
 449
 452
 469
 469
 461
 469
 477
 469
 461
 463
 487
 461
 443
 449
 451
 439
 417
 414
 417
 406
 396
 392
 396
 389
 372
 373
 382
 377
 373
 385
 388
 392
 390
 390
 397
 393
 381
 387
 394
 382
 353
 366
 370
 374
 359
 377
 381
 390
 372
 382
 391
 385
 394
 387
 409
 394
 378
 388
 389
 383
 375
 378
 379
 379
 378
 373
 387
 383
 379
 391
 391
 389
 372
 385
 388
 372
 357
 381
 388
 378
 362
 372
 375
 377
 362
 380
 388
 378
 377
 374
 374
 388
 366
 373
 383
 394
 381
 386
 402
 411
 409
 399
 394
 395
 384
 379
 373
 377
 377
 376
 397
 370
 362
 377
 397
 375
 362
 349
 362
 388
 468
 563
 603
 503
 362
 277
 289
 311
 305
 309
 337
 365
 380
 386
 386
 402
 395
 393
 409
 397
 400
 407
 402
 400
 395
 399
 422
 412
 419
 420
 442
 421
 420
 422
 442
 427
 426
 433
 428
 432
 425
 434
 447
 443
 443
 444
 466
 466
 461
 460
 488
 473
 473
 469
 484
 471
 456
 457
 469
 452
 431
 419
 427
 404
 396
 403
 407
 392
 385
 401
 402
 400
 390
 389
 396
 386
 386
 390
 401
 382
 377
 376
 408
 388
 373
 378
 399
 390
 369
 389
 409
 394
 389
 393
 392
 389
 380
 381
 391
 380
 372
 389
 393
 377
 379
 384
 387
 377
 371
 377
 384
 394
 386
 391
 388
 388
 385
 381
 385
 367
 361
 371
 369
 381
 378
 388
 394
 391
 390
 389
 404
 389
 381
 382
 397
 373
 362
 370
 381
 400
 389
 381
 385
 386
 378
 390
 385
 374
 367
 374
 388
 382
 376
 378
 378
 397
 393
 387
 389
 382
 367
 375
 380
 397
 380
 374
 379
 396
 396
 402
 401
 384
 381
 398
 416
 388
 374
 394
 408
 390
 387
 405
 414
 402
 402
 380
 382
 389
 377
 382
 389
 395
 394
 376
 366
 375
 379
 381
 379
 346
 396
 476
 569
 595
 518
 385
 297
 296
 304
 296
 323
 358
 371
 379
 380
 397
 383
 398
 397
 418
 409
 412
 414
 416
 402
 418
 412
 393
 403
 429
 442
 408
 419
 434
 442
 425
 413
 416
 418
 426
 430
 435
 435
 458
 445
 441
 441
 454
 445
 445
 473
 468
 465
 478
 464
 474
 458
 466
 475
 468
 455
 456
 470
 431
 415
 414
 406
 410
 390
 393
 396
 391
 386
 389
 389
 396
 382
 386
 389
 377
 381
 392
 399
 389
 382
 367
 380
 392
 372
 381
 392
 375
 381
 390
 386
 393
 393
 387
 395
 388
 393
 394
 397
 378
 380
 394
 414
 401
 391
 395
 390
 382
 379
 386
 384
 404
 385
 383
 382
 371
 385
 404
 407
 381
 378
 391
 406
 410
 385
 385
 386
 371
 370
 385
 395
 409
 392
 393
 399
 388
 379
 390
 394
 410
 383
 381
 398
 385
 378
 382
 395
 397
 389
 382
 381
 395
 387
 390
 386
 401
 393
 377
 383
 384
 402
 392
 404
 388
 367
 381
 392
 378
 375
 392
 388
 402
 394
 397
 389
 380
 386
 387
 396
 392
 366
 375
 384
 387
 395
 403
 402
 394
 365
 382
 382
 400
 389
 390
 390
 394
 380
 388
 404
 403
 388
 401
 400
 386
 383
 394
 394
 410
 411
 410
 421
 412
 403
 394
 390
 385
 389
 392
 392
 394
 394
 403
 412
 398
 386
 375
 363
 363
 409
 483
 562
 589
 523
 379
 283
 318
 315
 324
 348
 373
 372
 385
 415
 410
 397
 411
 413
 400
 410
 405
 414
 424
 423
 422
 421
 413
 407
 421
 421
 429
 429
 436
 434
 418
 430
 414
 431
 432
 444
 446
 442
 445
 435
 455
 454
 468
 461
 466
 473
 467
 458
 471
 485
 485
 469
 482
 477
 453
 458
 459
 442
 451
 429
 436
 421
 416
 393
 408
 421
 405
 404
 406
 405
 401
 383
 396
 401
 388
 388
 402
 412
 391
 392
 393
 397
 379
 401
 403
 404
 402
 400
 402
 400
 380
