 275
 242
 244
 241
 267
 277
 271
 252
 243
 261
 257
 276
 268
 266
 247
 241
 261
 269
 272
 253
 230
 253
 261
 293
 260
 253
 253
 230
 277
 271
 270
 263
 233
 259
 253
 292
 273
 260
 255
 243
 269
 267
 264
 249
 251
 248
 255
 291
 252
 268
 239
 260
 265
 271
 272
 250
 243
 246
 270
 266
 272
 240
 255
 251
 258
 295
 259
 250
 238
 240
 260
 281
 269
 249
 247
 254
 256
 291
 255
 244
 252
 235
 269
 274
 255
 257
 238
 247
 251
 274
 273
 243
 233
 241
 254
 262
 266
 242
 228
 233
 265
 261
 261
 253
 236
 245
 253
 272
 262
 258
 236
 234
 271
 266
 270
 253
 219
 252
 261
 283
 261
 233
 248
 242
 247
 265
 251
 248
 242
 240
 257
 269
 254
 258
 218
 254
 250
 264
 253
 233
 251
 234
 264
 244
 252
 246
 221
 243
 247
 277
 260
 252
 242
 235
 249
 277
 251
 259
 213
 244
 261
 252
 262
 223
 229
 249
 247
 274
 247
 247
 228
 239
 265
 254
 260
 226
 246
 248
 253
 292
 248
 246
 244
 239
 268
 273
 273
 271
 246
 262
 272
 275
 272
 276
 259
 261
 289
 295
 276
 261
 223
 257
 260
 275
 260
 232
 247
 243
 265
 271
 272
 266
 223
 251
 262
 263
 257
 234
 205
 203
 260
 313
 355
 412
 465
 485
 444
 389
 273
 161
 148
 154
 196
 180
 184
 184
 172
 214
 247
 267
 245
 249
 244
 258
 275
 288
 282
 241
 256
 250
 285
 298
 284
 269
 251
 276
 288
 297
 289
 286
 268
 276
 302
 293
 295
 292
 270
 292
 293
 315
 302
 279
 297
 286
 317
 308
 303
 285
 280
 305
 305
 343
 316
 276
 292
 296
 326
 334
 333
 323
 291
 328
 334
 349
 329
 306
 326
 327
 356
 338
 348
 321
 315
 340
 334
 360
 355
 318
 339
 319
 333
 360
 326
 330
 282
 299
 330
 312
 304
 275
 269
 274
 299
 284
 269
 248
 247
 265
 277
 295
 266
 253
 242
 242
 274
 290
 264
 254
 237
 248
 279
 252
 260
 234
 230
 249
 261
 283
 258
 237
 230
 247
 274
 278
 277
 255
 242
 250
 249
 292
 269
 236
 249
 245
 278
 284
 257
 251
 232
 259
 288
 284
 277
 267
 239
 270
 276
 302
 278
 282
 247
 266
 281
 287
 294
 250
 260
 275
 263
 304
 280
 273
 268
 262
 288
 294
 294
 267
 243
 273
 285
 294
 276
 247
 254
 259
 295
 275
 283
 274
 248
 266
 270
 293
 284
 257
 249
 237
 275
 284
 286
 268
 245
 262
 260
 290
 273
 265
 258
 254
 283
 287
 278
 268
 246
 260
 272
 273
 263
 254
 237
 256
 272
 283
 269
 234
 247
 250
 280
 279
 276
 235
 245
 239
 285
 274
 277
 237
 252
 249
 288
 277
 270
 245
 244
 251
 275
 293
 266
 261
 245
 262
 270
 288
 276
 258
 250
 260
 269
 289
 257
 242
 258
 247
 282
 267
 265
 231
 241
 246
 279
 273
 273
 259
 240
 262
 265
 282
 265
 231
 253
 244
 278
 271
 266
 239
 242
 255
 260
 288
 255
 255
 239
 252
 275
 275
 273
 250
 244
 244
 276
 271
 260
 255
 251
 237
 276
 278
 277
 250
 232
 251
 262
 275
 271
 229
 233
 243
 291
 271
 265
 217
 244
 238
 274
 266
 278
 253
 250
 257
 270
 281
 262
 249
 248
 261
 294
 289
 290
 243
 252
 265
 295
 281
 292
 236
 252
 273
 273
 276
 259
 246
 233
 255
 277
 261
 273
 230
 242
 248
 266
 277
 254
 233
 238
 215
 240
 231
 258
 279
 343
 426
 495
 497
 445
 320
 221
 161
 187
 188
 185
 172
 153
 171
 213
 232
 247
 213
 244
 237
 284
 261
 268
 224
 253
 252
 279
 292
 280
 267
 254
 266
 298
 288
 292
 256
 273
 255
 318
 289
 306
 273
 270
 273
 308
 308
 284
 280
 261
 282
 303
 307
 296
 268
 270
 282
 319
 304
 316
 287
 291
 281
 322
 314
 315
 301
 297
 311
 329
 338
 322
 284
 307
 302
 352
 333
 337
 306
 304
 336
 350
 359
 335
 306
 317
 321
 360
 330
 349
 281
 306
 307
 326
 325
 294
 266
 273
 275
 307
 290
 274
 249
 258
 239
 285
 248
 280
 240
 243
 253
 262
 272
 257
 227
 217
 242
 269
 257
 264
 231
 230
 240
 258
 263
 248
 214
 237
 226
 252
 258
 251
 209
 241
 222
 267
 258
 267
 225
 235
 233
 270
 254
 250
 244
 226
 249
 261
 263
 235
 232
 235
 245
 270
 259
 273
 241
 235
 235
 274
 261
 261
 250
 238
 258
 265
 269
 266
 234
 241
 234
 273
 255
 260
 233
 237
 246
 270
 276
 259
 237
 234
 252
 269
 260
 249
 218
 244
 242
 267
 265
 258
 210
 240
 231
 282
 254
 264
 221
 228
 235
 270
 266
 240
 219
 234
 228
 272
 265
 245
 232
 222
 244
 276
 253
 264
 222
 230
 238
 255
 267
 242
 227
 229
 229
 282
 262
 251
 223
 232
 241
 269
 279
 249
 238
 217
 246
 272
 252
 278
 217
 256
 234
 285
 260
 262
 218
 242
 238
 283
 252
 270
 217
 247
 243
 269
 262
 241
 231
 233
 243
 255
 268
 256
 227
 235
 239
 270
 264
 260
 250
 217
 258
 277
 269
 271
 213
 230
 237
 267
 261
 275
 214
 244
 233
 286
 258
 272
 213
 242
 247
 262
 267
 242
 245
 236
 251
 267
 258
 271
 224
 249
 239
 282
 259
 263
 237
 230
 233
 288
 269
 243
 248
 235
 253
 280
 266
 256
 241
 222
 250
 269
 265
 271
 217
 251
 245
 284
 270
 268
 225
 243
 257
 263
 276
 261
 250
 246
 268
 305
 289
 267
 247
 264
 265
 284
 279
 288
 236
 253
 263
 295
 274
 246
 245
 239
 254
 298
 264
 268
 237
 247
 244
 300
 269
 265
 238
 219
 222
 262
 308
 337
 370
 461
 485
 489
 402
 309
 161
 150
 171
 184
 196
 180
 154
 182
 214
 240
 257
 261
 230
 265
 249
 290
 277
 285
 244
 244
 282
 283
 296
 278
 265
 269
 270
 327
 286
 308
 258
 281
 274
 331
 303
 281
 277
 274
 296
 315
 308
 293
 279
 276
 302
 311
 329
 313
 265
 290
 286
 330
 319
 307
 279
 291
 311
 355
 327
 322
 304
 310
 298
 362
 338
 348
 292
 330
 332
 351
 357
 343
 318
 325
 340
 379
 350
 343
 324
 325
 338
 349
 354
 325
 314
 308
 326
 330
 318
 311
 261
 274
 290
 291
 309
 267
 261
 250
 276
 300
 274
 267
 243
 254
 266
 273
 282
 255
 243
 257
 239
 286
 273
 273
 227
 251
 257
 283
 278
 252
 247
 241
 258
 282
 281
 269
 220
 262
 252
 295
 264
 264
 241
 244
 271
 281
 290
 267
 247
 246
 269
 291
 279
 271
 240
 257
 259
 281
 278
 282
 234
 266
 262
 289
 273
 273
 236
 253
 274
 276
 285
 261
 251
 239
 267
 291
 273
 270
 248
 254
 259
 301
 289
 259
 246
 246
 266
 274
 283
 269
 237
 253
 268
 275
 282
 266
 235
 245
 270
 267
 294
 258
 240
 254
 261
 292
 267
 265
 237
 260
 254
 276
 281
 251
 241
 248
 263
 292
 281
 261
 239
 246
 258
 285
 266
 270
 225
 253
 264
 282
 273
 264
 245
 245
 270
 283
 274
 269
 238
 235
 268
 291
 272
 260
 242
 233
 264
 273
 273
 261
 234
 243
 251
 282
 262
 260
 229
 249
 267
 277
 274
 266
 222
 248
 264
 290
 267
 250
 238
 249
 267
 286
 267
 252
 249
 237
 260
 282
 282
 253
 234
 249
 264
 282
 287
 243
 245
 236
 275
 268
 289
 251
 245
 249
 274
 281
 280
 253
 237
 243
 265
 286
 266
 250
 240
 242
 266
 288
 269
 261
 232
 252
 258
 299
 267
 261
 236
 250
 256
 288
 276
 262
 250
 245
 278
 276
 279
 252
 248
 250
 273
 289
 279
 261
 253
 259
 283
 288
 287
 271
 251
 270
 281
 290
 287
 264
 249
 244
 267
 289
 272
 255
 232
 247
 278
 285
 275
 259
 239
 248
 272
 264
 269
 240
 210
 209
 267
 323
 372
 411
 456
 481
 458
 403
 276
 194
 131
 179
 181
 195
 182
 193
 172
 212
 232
 265
 260
 237
 248
 250
 289
 296
 292
 273
 275
 254
 299
 295
 303
 281
 264
 271
 297
 302
 308
 274
 275
 274
 297
 312
 311
 278
 295
 281
 314
 294
 311
 269
 285
 279
 319
 309
 318
 297
 275
 302
 303
 333
 319
 306
 299
 311
 326
 335
 318
 311
 301
 310
 343
 341
 343
 320
 317
 322
 346
 373
 368
 349
 324
 332
 366
 360
 361
 319
 338
 322
 363
 344
 347
 316
 306
 322
 319
 336
 314
 291
 278
 286
 294
 309
 306
 274
 266
 262
 290
 294
 282
 232
 260
 262
 267
 304
 290
 246
 248
 259
 286
 273
 269
 254
 251
 252
 261
 299
 281
 254
 241
 265
 268
 292
 276
 275
 235
 262
 272
 283
 265
 263
 241
 262
 284
 273
 283
 258
 254
 248
 283
 288
 291
 262
 257
 261
 291
 291
 293
 272
 260
 270
 283
 293
 291
 255
 253
 253
 278
 283
 290
 273
 254
 252
 281
 292
 287
 267
 261
 260
 290
 296
 300
 271
 260
 249
 285
 293
 296
 275
 265
 251
 278
 287
 290
 254
 251
 260
 279
 285
 263
 247
 250
 258
 271
 286
 273
 250
 239
 266
 261
 289
 270
 253
 241
 267
 272
 279
 265
 260
 242
 270
 283
 279
 265
 253
 253
 251
 284
 279
 273
 245
 238
 268
 288
 283
 280
 280
 244
 271
 264
 296
 274
 247
 251
 276
 267
 303
 282
 269
 255
 258
 272
 298
 283
 249
 253
 258
 290
 276
 274
 268
 258
 250
 283
 295
 273
 246
 241
 269
 268
 293
 284
 239
 253
 256
 271
 303
 272
 243
 239
 272
 263
 295
 266
 239
 257
 268
 280
 290
 293
 276
 253
 251
 285
 289
 265
 250
 237
 261
 280
 293
 280
 262
 242
 251
 286
 273
 282
 251
 250
 249
 281
 297
 276
 269
 247
 256
 271
 304
 282
 248
 258
 269
 288
 283
 276
 279
 251
 276
 294
 314
 296
 262
 260
 261
 308
 293
 285
 259
 254
 261
 290
 277
 288
 253
 247
 246
 290
 279
 274
 256
 256
 258
 286
 286
 288
 266
 259
 241
 253
 252
 274
 278
 339
 405
 505
 506
 493
 382
 284
 202
 178
 212
 203
 204
 159
 186
 213
 249
 251
 229
 236
 262
 291
 294
 293
 271
 269
 266
 306
 302
 301
 271
 258
 284
 299
 317
 298
 282
 282
 286
 320
 308
 310
 286
 284
 283
 321
 313
 327
 291
 292
 297
 318
 327
 322
 282
 291
 300
 336
 327
 324
 287
 293
 314
 337
 341
 329
 312
 303
 331
 345
 360
 346
 329
 307
 337
 360
 365
 355
 351
 327
 336
 370
 385
 365
 349
 338
 349
 373
 356
 369
 343
 324
 325
 361
 332
 339
 299
 289
 298
 312
 322
 305
 283
 264
 287
 294
 300
 274
 261
 257
 271
 285
 303
 275
 251
 246
 261
 278
 288
 284
 247
 244
 258
 285
 293
 283
 250
 251
 260
 285
 274
 277
 252
 261
 248
 293
 281
 288
 239
 237
 258
 284
 291
 276
 256
 258
 268
 286
 280
 289
 258
 263
 255
 303
 271
 292
 260
 263
 269
 298
 298
 281
 261
 255
 262
 289
 294
 290
 270
 255
 275
 299
 295
 284
 269
 258
 258
 309
 285
 295
 250
 251
 266
 299
 280
 292
 243
 259
 254
 290
 288
 278
 241
 270
 253
 307
 286
 289
 246
 261
 254
 299
 283
 292
 255
 267
 256
 301
 279
 290
 244
 274
 267
 292
 282
 282
 268
 250
 268
 280
 291
 288
 260
 261
 272
 292
 291
 273
 244
 254
 260
 283
 286
 289
 272
 247
 268
 275
 298
 271
 249
 253
 266
 287
 295
 279
 254
 243
 266
 289
 289
 287
 245
 253
 261
 296
 291
 278
 234
 258
 265
 287
 291
 286
 257
 253
 261
 300
 286
 284
 245
 254
 255
 293
 281
 277
 270
 255
 272
 293
 289
 292
 262
 263
 265
 286
 281
 290
 237
 267
 255
 295
 275
 283
 236
 261
 264
 300
 288
 280
 229
 260
 250
 301
 281
 286
 241
 273
 249
 305
 277
 299
 239
 257
