 617
 619
 604
 612
 603
 622
 607
 611
 585
 606
 628
 636
 606
 596
 609
 620
 628
 617
 603
 603
 600
 625
 639
 642
 623
 618
 594
 603
 624
 638
 625
 605
 604
 613
 628
 631
 618
 610
 596
 615
 629
 635
 626
 620
 603
 603
 613
 613
 618
 618
 598
 604
 604
 612
 612
 631
 611
 607
 606
 609
 613
 618
 615
 610
 609
 611
 617
 599
 619
 618
 636
 649
 643
 622
 612
 621
 620
 639
 618
 605
 581
 609
 613
 637
 621
 613
 589
 605
 622
 616
 619
 613
 596
 603
 619
 623
 615
 590
 580
 556
 578
 610
 666
 697
 767
 818
 801
 753
 654
 565
 493
 498
 507
 514
 510
 524
 526
 542
 569
 587
 596
 610
 589
 604
 612
 633
 635
 641
 607
 618
 631
 651
 642
 631
 633
 633
 638
 641
 644
 644
 627
 641
 641
 651
 638
 653
 638
 646
 652
 670
 655
 634
 645
 637
 654
 660
 667
 665
 634
 649
 652
 676
 661
 654
 665
 669
 678
 682
 674
 648
 660
 674
 682
 691
 697
 680
 690
 702
 697
 696
 690
 668
 682
 697
 708
 709
 698
 675
 672
 677
 669
 677
 665
 651
 653
 642
 642
 639
 645
 633
 624
 623
 622
 625
 618
 611
 610
 618
 630
 623
 612
 598
 609
 616
 611
 622
 607
 606
 610
 619
 607
 625
 612
 610
 602
 613
 625
 625
 619
 617
 600
 597
 616
 622
 628
 610
 614
 612
 613
 626
 612
 610
 612
 614
 614
 627
 602
 617
 608
 622
 631
 628
 610
 606
 597
 613
 628
 642
 629
 612
 610
 613
 617
 643
 620
 606
 590
 609
 622
 641
 620
 628
 601
 598
 618
 627
 621
 621
 596
 605
 605
 614
 617
 600
 611
 621
 616
 623
 612
 588
 607
 617
 621
 631
 622
 603
 587
 607
 606
 617
 615
 603
 623
 627
 629
 647
 618
 628
 611
 627
 629
 646
 638
 645
 617
 624
 629
 620
 611
 597
 598
 603
 619
 632
 625
 619
 607
 611
 612
 624
 602
 610
 597
 613
 621
 600
 584
 595
 631
 684
 731
 797
 829
 771
 713
 616
 534
 514
 521
 501
 509
 527
 539
 549
 571
 570
 587
 612
 623
 635
 632
 606
 613
 624
 628
 642
 641
 627
 638
 646
 652
 664
 646
 626
 623
 631
 645
 661
 644
 650
 648
 652
 652
 661
 642
 645
 638
 653
 675
 677
 664
 658
 651
 653
 666
 686
 677
 685
 656
 659
 666
 677
 678
 678
 665
 675
 688
 684
 690
 693
 690
 701
 717
 698
 701
 683
 680
 684
 699
 723
 708
 702
 669
 680
 690
 698
 688
 692
 661
 666
 676
 672
 652
 646
 618
 636
 635
 656
 642
 643
 616
 608
 613
 622
 630
 613
 623
 625
 619
 631
 617
 611
 608
 623
 626
 649
 629
 620
 598
 607
 615
 628
 623
 622
 612
 606
 616
 628
 627
 624
 621
 630
 620
 637
 627
 608
 601
 622
 631
 650
 634
 625
 613
 625
 628
 644
 636
 626
 609
 617
 619
 623
 634
 626
 611
 619
 630
 629
 616
 618
 610
 614
 626
 637
 633
 618
 603
 610
 610
 639
 630
 627
 607
 613
 632
 636
 613
 618
 603
 619
 637
 642
 626
 624
 612
 613
 619
 622
 626
 610
 614
 629
 638
 641
 637
 630
 620
 634
 634
 652
 640
 643
 616
 636
 623
 629
 616
 612
 592
 607
 628
 635
 630
 608
 607
 602
 619
 646
 621
 617
 605
 608
 613
 611
 595
 607
 596
 652
 701
 777
 826
 811
 741
 655
 558
 523
 533
 534
 502
 516
 535
 571
 564
 581
 589
 609
 614
 637
 641
 631
 607
 618
 636
 650
 642
 633
 645
 646
 638
 642
 642
 634
 637
 652
 654
 659
 665
 639
 639
 644
 650
 682
 665
 670
 635
 649
 653
 664
 674
 661
 656
 662
 667
 685
 671
 665
 648
 669
 689
 690
 682
 666
 659
 670
 678
 707
 692
 696
 672
 685
 693
 699
 701
 693
 682
 692
 695
 721
 718
 703
 691
 699
 683
 694
 691
 680
 664
 666
 659
 669
 647
 655
 627
 638
 636
 637
 626
 611
 616
 619
 621
 646
 633
 631
 615
 609
 612
 630
 613
 620
 620
 611
 601
 619
 627
 633
 605
 617
 604
 621
 622
 620
 612
 625
 622
 637
 631
 620
 607
 612
 621
 627
 626
 623
 610
 620
 621
 648
 635
 623
 618
 620
 621
 646
 641
 634
 627
 627
 617
 626
 634
 642
 614
 621
 621
 631
 624
 621
 607
 624
 634
 641
 622
 619
 619
 610
 626
 631
 645
 635
 614
 614
 612
 641
 631
 624
 625
 628
 633
 626
 629
 617
 598
 629
 644
 656
 643
 632
 625
 636
 643
 666
 650
 643
 637
 640
 637
 646
 623
 620
 613
 618
 627
 651
 636
 628
 603
 622
 619
 644
 635
 635
 610
 629
 619
 635
 608
 586
 570
 616
 664
 731
 783
 839
 826
 784
 690
 596
 515
 516
 525
 542
 532
 555
 560
 573
 563
 599
 628
 637
 639
 621
 621
 621
 630
 665
 655
 651
 630
 647
 650
 654
 655
 660
 648
 653
 653
 654
 651
 664
 648
 658
 662
 686
 662
 654
 649
 661
 661
 685
 682
 678
 670
 673
 658
 687
 667
 686
 661
 686
 687
 698
 678
 670
 675
 687
 701
 720
 694
 693
 679
 694
 710
 730
 708
 697
 695
 706
 721
 737
 717
 705
 699
 706
 701
 721
 709
 697
 663
 674
 677
 690
 678
 661
 631
 641
 645
 655
 650
 646
 623
 634
 631
 639
 637
 644
 623
 626
 619
 643
 628
 635
 624
 621
 616
 644
 628
 634
 618
 617
 606
 637
 627
 631
 623
 618
 624
 641
 623
 634
 624
 637
 632
 644
 630
 622
 603
 625
 623
 652
 645
 635
 609
 620
 619
 640
 634
 651
 630
 634
 631
 646
 624
 634
 608
 635
 637
 638
 629
 620
 613
 630
 636
 646
 639
 632
 609
 619
 614
 641
 627
 638
 611
 631
 624
 643
 621
 624
 613
 623
 622
 649
 642
 627
 612
 618
 621
 654
 637
 628
 604
 622
 617
 650
 637
 634
 601
 622
 629
 636
 639
 629
 618
 616
 618
 636
 624
 647
 620
 628
 629
 632
 631
 637
 616
 628
 622
 645
 626
 623
 609
 631
 634
 643
 631
 630
 606
 626
 629
 653
 637
 626
 611
 620
 621
 650
 634
 641
 616
 624
 616
 638
 627
 637
 627
 631
 629
 644
 623
 627
 612
 626
 631
 651
 630
 621
 605
 616
 626
 649
 629
 629
 607
 624
 621
 630
 645
 649
 612
 617
 615
 652
 638
 635
 616
 623
 618
 644
 645
 626
 602
 622
 621
 661
 639
 641
 624
 622
 635
 663
 641
 648
 630
 644
 630
 659
 646
 663
 641
 648
 644
 658
 652
 642
 626
 641
 629
 645
 623
 640
 630
 628
 624
 643
 626
 640
 630
 638
 629
 655
 620
 600
 575
 603
 648
 714
 752
 821
 823
 813
 749
 679
 565
 523
 517
 546
 549
 565
 543
 562
 565
 601
 618
 636
 631
 629
 619
 630
 636
 663
 651
 641
 621
 643
 656
 677
 658
 654
 628
 653
 656
 684
 676
 671
 645
 653
 656
 680
 682
 678
 664
 668
 665
 681
 674
 666
 657
 669
 675
 701
 688
 692
 666
 681
 672
 689
 691
 686
 677
 692
 696
 720
 696
 692
 683
 701
 707
 727
 715
 715
 693
 705
 705
 723
 706
 718
 708
 712
 710
 727
 707
 697
 678
 702
 700
 710
 703
 693
 665
 672
 669
 695
 677
 674
 643
 649
 639
 661
 666
 642
 628
 637
 642
 670
 643
 648
 614
 632
 631
 656
 644
 646
 616
 631
 619
 647
 652
 637
 627
 645
 641
 649
 640
 636
 631
 641
 644
 652
 656
 647
 625
 639
 625
 653
 638
 648
 638
 647
 639
 657
 644
 642
 627
 640
 644
 658
 651
 644
 618
 632
 627
 661
 656
 651
 627
 628
 626
 651
 658
 646
 632
 646
 632
 651
 637
 644
 627
 643
 636
 646
 646
 640
 632
 647
 637
 656
 634
 644
 623
 646
 640
 653
 631
 637
 625
 642
 636
 650
 638
 635
 638
 645
 640
 651
 641
 637
 610
 629
 643
 672
 629
 626
 606
 628
 638
 662
 648
 649
 620
 626
 626
 648
 642
 649
 625
 631
 617
 642
 645
 644
 627
 630
 624
 649
 643
 648
 626
 627
 617
 645
 644
 657
 621
 627
 626
 652
 655
 653
 625
 637
 631
 654
 638
 652
 630
 631
 631
 648
 645
 650
 630
 639
 633
 651
 640
 640
 618
 637
 645
 663
 644
 640
 614
 621
 643
 661
 645
 634
 612
 633
 643
 670
 642
 639
 609
 634
 638
 655
 639
 637
 621
 640
 644
 670
 637
 638
 607
 643
 638
 658
 647
 642
 613
 641
 646
 675
 661
 653
 635
 661
 650
 670
 658
 650
 629
 641
 645
 653
 641
 642
 619
 641
 640
 658
 645
 644
 620
 631
 637
 652
 654
 645
 623
 629
 601
 618
 618
 679
 718
 773
 831
 875
 829
 752
 652
 556
 520
 564
 569
 560
 526
 555
 573
 620
 615
 637
 609
 627
 633
 670
 648
 659
 652
 661
 650
 669
 655
 654
 630
 656
 662
 674
 671
 666
 647
 666
 670
 693
 659
 677
 655
 670
 655
 676
 670
 685
 680
 688
 678
 694
 672
 680
 670
 685
 691
 702
 684
 689
 672
 685
 691
 703
 693
 698
 677
 697
 706
 722
 701
 708
 688
 716
 716
 732
 706
 714
 699
 717
 709
 715
 719
 719
 709
 713
 705
 727
 706
 719
 674
 681
 674
 691
 689
 683
 664
 653
 646
 667
 662
 672
 648
 631
 631
 651
 654
 656
 643
 653
 634
 645
 635
 654
 648
 644
 631
 633
 639
 641
 626
 645
 632
 655
 629
 646
 622
 639
 636
 654
 657
 653
 640
 634
 621
 642
 645
 650
 633
 647
 634
 649
 643
 644
 621
 642
 644
 682
 654
 641
 617
 631
 626
 664
 649
 655
 621
 640
 633
 658
 641
 641
 622
 638
 637
 662
 641
 634
 610
 645
 642
 661
 635
 636
 628
 642
 640
 645
 633
 639
 618
 641
 644
 661
 639
 630
 620
 645
 640
 645
 636
 650
 638
 645
 631
 635
 637
 654
 630
 640
 633
 658
 635
 633
 621
 635
 646
 658
 635
 626
 602
 634
 635
 657
 659
 653
 627
 632
 633
 652
 644
 645
 620
 630
 631
 658
 655
 661
 631
 639
 629
 654
 653
 661
 644
 639
 631
 662
 652
 667
 640
 637
 632
 667
 651
 655
 623
 638
 633
 651
 653
 652
 634
 628
 637
 659
 640
 656
 631
 633
 630
 652
 647
 644
 613
 637
 634
 662
 647
 645
 625
 640
 644
 674
 648
 646
 630
 646
 637
 674
 641
 637
 625
 644
 642
 656
 645
 643
 620
 641
 645
 670
 644
 648
 626
 647
 650
 690
 666
 666
 642
 655
 660
 683
 670
 669
 641
 650
 642
 673
 658
 649
 621
 644
 634
 646
 630
 650
 628
 641
 633
 642
 647
 660
 642
 645
 619
 625
 608
 649
 686
 754
 802
 865
 850
 799
 694
 605
 533
 559
 567
 566
 541
 555
 572
 608
 602
 632
 626
 640
 646
 667
 652
 661
 645
 667
 654
 676
 661
 669
 650
 651
 658
 695
 677
 676
 656
 675
 675
 703
 684
 682
 661
 676
 676
 703
 675
 676
 661
 686
 690
 699
 688
 708
 689
 690
 686
 705
 697
 702
 679
 690
 689
 725
 714
 714
 691
 698
 709
 740
 718
 719
 705
 715
 721
 738
 727
 737
 713
 719
 723
 745
 730
 743
 727
 726
 701
 726
 711
 729
 708
 706
 694
 708
 698
 705
 674
 675
 653
 682
 667
 684
 659
 654
 638
 653
 653
 661
 630
 634
 641
 675
 659
 654
 626
 641
 645
 666
 648
 656
 630
 636
 637
 674
 649
 646
 629
 647
 652
 677
 655
 649
 620
 644
 653
 676
 658
 654
 637
 640
 651
 666
 663
 659
 641
 654
 651
 676
 657
 652
 643
 658
 650
 667
 659
 659
 629
 651
 656
 685
 668
 653
 634
 644
 649
 674
 664
 665
 638
 642
 656
 681
 665
 656
 649
 647
 657
 676
 648
 648
 628
 644
 654
 674
 666
 653
 630
 638
 644
 667
 675
 663
 634
 638
 653
 676
 670
 653
 637
 640
 652
 673
 646
 650
 639
 660
 657
 669
 658
 649
 637
 658
 647
 659
 647
 648
 628
 637
 645
 672
 663
 660
