 517
 527
 506
 479
 459
 471
 507
 577
 612
 659
 709
 729
 700
 600
 516
 405
 415
 424
 445
 438
 433
 418
 446
 466
 495
 505
 513
 508
 521
 520
 526
 527
 511
 517
 514
 541
 539
 539
 517
 530
 521
 538
 537
 557
 534
 540
 521
 545
 557
 554
 558
 511
 548
 536
 561
 544
 551
 523
 537
 538
 574
 549
 561
 540
 554
 535
 574
 571
 569
 536
 557
 558
 581
 584
 573
 569
 570
 576
 592
 594
 597
 568
 586
 583
 615
 587
 607
 574
 595
 587
 611
 599
 614
 591
 576
 584
 596
 605
 592
 555
 578
 563
 586
 570
 569
 532
 539
 536
 552
 550
 539
 513
 522
 520
 538
 520
 525
 502
 514
 505
 540
 511
 525
 496
 509
 493
 539
 515
 516
 492
 498
 498
 531
 520
 520
 490
 506
 517
 516
 530
 520
 496
 500
 499
 529
 525
 513
 486
 514
 511
 518
 533
 515
 500
 506
 517
 524
 524
 511
 517
 501
 516
 521
 533
 510
 506
 500
 515
 519
 530
 518
 513
 497
 503
 535
 513
 527
 491
 506
 504
 529
 518
 531
 495
 511
 501
 531
 528
 528
 507
 493
 509
 514
 531
 507
 500
 499
 511
 514
 528
 506
 495
 511
 513
 522
 513
 517
 486
 506
 493
 526
 519
 509
 500
 501
 517
 518
 532
 510
 492
 515
 501
 529
 506
 523
 499
 501
 502
 514
 522
 510
 490
 498
 502
 516
 528
 509
 511
 502
 498
 526
 519
 522
 501
 510
 499
 540
 525
 511
 506
 501
 514
 521
 515
 521
 493
 506
 495
 533
 510
 524
 506
 505
 498
 527
 518
 515
 495
 503
 509
 517
 534
 508
 494
 499
 505
 523
 530
 516
 500
 518
 514
 532
 514
 525
 494
 509
 499
 531
 501
 514
 487
 516
 493
 522
 526
 510
 500
 494
 510
 522
 515
 517
 511
 494
 516
 533
 517
 516
 494
 514
 501
 532
 516
 535
 502
 530
 529
 535
 541
 531
 517
 521
 527
 531
 545
 517
 506
 509
 498
 535
 521
 529
 500
 515
 504
 543
 513
 516
 510
 510
 506
 525
 524
 502
 475
 462
 481
 518
 573
 621
 676
 727
 738
 687
 623
 503
 405
 402
 441
 450
 450
 445
 412
 462
 469
 495
 515
 528
 514
 514
 503
 555
 517
 523
 504
 525
 527
 550
 537
 540
 517
 536
 522
 565
 537
 555
 530
 543
 528
 574
 528
 549
 528
 541
 542
 550
 552
 565
 539
 539
 552
 561
 567
 558
 562
 544
 552
 584
 555
 583
 538
 570
 550
 584
 561
 580
 556
 564
 565
 606
 576
 596
 565
 594
 589
 589
 613
 585
 579
 586
 591
 627
 601
 625
 574
 606
 586
 611
 603
 601
 559
 571
 574
 571
 577
 546
 549
 534
 556
 564
 547
 535
 505
 526
 505
 546
 533
 520
 503
 508
 523
 519
 538
 498
 505
 505
 510
 518
 514
 514
 502
 513
 505
 530
 520
 517
 488
 506
 509
 510
 526
 514
 502
 494
 521
 509
 528
 511
 517
 498
 509
 543
 514
 522
 477
 516
 506
 561
 520
 533
 484
 501
 510
 549
 531
 511
 501
 507
 516
 533
 527
 512
 483
 513
 500
 547
 518
 528
 477
 503
 502
 535
 516
 520
 496
 509
 505
 530
 534
 516
 493
 500
 504
 535
 522
 525
 494
 504
 499
 538
 516
 516
 490
 509
 503
 524
 511
 522
 499
 521
 512
 523
 510
 512
 507
 507
 521
 503
 517
 515
 516
 509
 509
 531
 523
 529
 501
 510
 505
 521
 514
 522
 492
 494
 509
 527
 535
 510
 487
 495
 507
 515
 514
 510
 517
 499
 514
 525
 518
 518
 487
 506
 498
 537
 501
 521
 493
 499
 507
 515
 523
 502
 488
 502
 498
 516
 514
 507
 510
 500
 511
 526
 529
 504
 496
 499
 500
 515
 498
 511
 482
 514
 494
 525
 504
 517
 497
 509
 500
 521
 528
 514
 495
 495
 511
 537
 511
 513
 486
 517
 495
 530
 514
 523
 488
 503
 514
 523
 510
 508
 516
 501
 517
 513
 533
 509
 501
 501
 517
 522
 523
 513
 521
 516
 523
 544
 535
 537
 512
 520
 528
 560
 537
 547
 505
 531
 521
 538
 517
 527
 482
 520
 508
 538
 509
 535
 495
 529
 505
 536
 524
 521
 509
 503
 514
 501
 482
 488
 548
 587
 660
 738
 757
 716
 647
 543
 457
 426
 436
 452
 418
 435
 449
 458
 483
 497
 501
 496
 523
 526
 533
 528
 507
 536
 526
 565
 546
 553
 506
 536
 545
 564
 557
 542
 534
 532
 546
 567
 562
 550
 542
 555
 547
 566
 557
 565
 536
 557
 549
 575
 566
 560
 570
 551
 570
 567
 570
 562
 552
 577
 566
 590
 565
 568
 556
 569
 579
 606
 593
 599
 580
 584
 592
 603
 610
 598
 603
 588
 609
 605
 609
 607
 605
 609
 593
 613
 603
 605
 595
 593
 580
 599
 583
 586
 562
 578
 555
 572
 554
 557
 534
 538
 552
 539
 547
 529
 533
 522
 532
 526
 533
 514
 511
 519
 517
 549
 526
 527
 507
 523
 508
 526
 531
 520
 501
 509
 533
 536
 539
 520
 528
 519
 530
 540
 525
 530
 497
 522
 523
 542
 542
 520
 507
 520
 526
 536
 540
 528
 503
 532
 530
 559
 530
 544
 531
 535
 517
 544
 529
 531
 506
 533
 530
 552
 539
 536
 500
 528
 534
 551
 536
 537
 526
 530
 526
 540
 541
 514
 518
 519
 538
 532
 541
 527
 518
 511
 530
 542
 538
 522
 514
 509
 531
 529
 532
 520
 526
 521
 516
 546
 526
 530
 483
 518
 519
 546
 530
 520
 518
 519
 537
 528
 528
 511
 514
 502
 526
 531
 540
 517
 519
 512
 524
 524
 521
 517
 509
 522
 520
 541
 530
 518
 498
 521
 518
 537
 507
 525
 513
 525
 515
 529
 528
 525
 509
 511
 532
 539
 537
 517
 510
 509
 532
 545
 541
 522
 507
 508
 533
 539
 541
 523
 517
 513
 536
 527
 528
 510
 533
 516
 534
 520
 532
 508
 523
 508
 519
 518
 532
 505
 506
 508
 517
 537
 525
 517
 503
 524
 523
 532
 523
 521
 518
 533
 519
 534
 526
 528
 529
 529
 541
 550
 541
 541
 519
 539
 550
 570
 538
 549
 518
 534
 524
 556
 526
 532
 510
 534
 526
 541
 531
 524
 505
 517
 533
 530
 538
 506
 524
 497
 492
 494
 518
 583
 615
 689
 754
 765
 711
 618
 502
 428
 449
 459
 465
 432
 435
 442
 474
 489
 510
 504
 522
 520
 530
 548
 529
 546
 510
 541
 533
 571
 541
 557
 517
 549
 549
 565
 551
 542
 546
 541
 564
 563
 565
 548
 541
 539
 563
 564
 566
 551
 548
 561
 560
 576
 563
 558
 542
 565
 557
 582
 570
 559
 570
 557
 593
 576
 588
 555
 584
 574
 586
 595
 597
 600
 566
 594
 594
 602
 599
 598
 603
 598
 621
 622
 621
 599
 598
 587
 605
 619
 599
 612
 578
 597
 593
 589
 589
 544
 565
 545
 562
 560
 565
 544
 526
 531
 534
 556
 536
 532
 505
 530
 530
 534
 531
 500
 520
 514
 517
 536
 520
 522
 511
 525
 520
 548
 530
 509
 510
 519
 526
 535
 523
 538
 509
 527
 532
 520
 531
 518
 526
 515
 539
 542
 540
 507
 506
 528
 530
 534
 526
 534
 524
 514
 538
 530
 541
 521
 523
 527
 528
 548
 537
 518
 537
 522
 539
 547
 532
 545
 515
 541
 539
 541
 542
 510
 514
 529
 525
 536
 538
 519
 530
 526
 537
 549
 529
 522
 504
 526
 547
 530
 545
 537
 517
 525
 526
 552
 530
 506
 525
 513
 539
 528
 539
 530
 521
 538
 525
 547
 526
 541
 525
 525
 535
 537
 542
 511
 527
 523
 537
 556
 523
 520
 505
 523
 539
 544
 528
 534
 530
 519
 534
 537
 541
 534
 503
 538
 532
 544
 525
 530
 525
 537
 529
 549
 547
 514
 530
 530
 545
 539
 542
 517
 528
 538
 530
 550
 529
 513
 523
 528
 542
 538
 541
 505
 532
 532
 545
 538
 542
 537
 523
 547
 546
 578
 552
 529
 557
 547
 565
 561
 553
 552
 542
 549
 546
 542
 548
 536
 528
 528
 555
 547
 534
 555
 519
 524
 556
 551
 545
 515
 526
 510
 516
 522
 546
 573
 627
 709
 768
 764
 702
 619
 489
 441
 458
 475
 463
 452
 439
 464
 479
 517
 506
 510
 520
 520
 553
 545
 547
 546
 525
 557
 557
 561
 553
 541
 547
 554
 573
 573
 557
 565
 537
 564
 578
 567
 577
 557
 558
 549
 580
 590
 573
 569
 552
 570
 583
 591
 579
 581
 576
 566
 605
 594
 596
 582
 588
 593
 594
 612
 598
 576
 594
 594
 618
 606
 612
 574
 606
 601
 630
 621
 634
 601
 616
 617
 634
 635
 644
 608
 622
 621
 635
 631
 632
 600
 607
 599
 617
 593
 603
 578
 569
 584
 573
 579
 563
 545
 559
 544
 565
 561
 555
 535
 534
 545
 552
 546
 552
 520
 541
 523
 547
 551
 545
 531
 523
 542
 540
 558
 547
 533
 541
 532
 565
 536
 548
 545
 523
 536
 541
 552
 552
 514
 544
 528
 549
 571
 550
 531
 541
 539
 564
 549
 568
 537
 545
 539
 572
 553
 548
 552
 533
 548
 565
 550
 555
 536
 523
 547
 554
 561
 558
 532
 554
 537
 562
 553
 552
 542
 528
 549
 550
 561
 539
 529
 526
 546
 549
 553
 548
 539
 543
 532
 558
 548
 554
 516
 542
 547
 552
 563
 545
 540
 536
 534
 570
 545
 562
 528
 542
 535
 555
 549
 547
 550
 530
 549
 556
 552
 564
 520
 542
 535
 551
 549
 548
 540
 530
 541
 558
 545
 548
 534
 531
 538
 550
 559
 543
 546
 524
 546
 563
 544
 553
 528
 538
 535
 555
 559
 548
 542
 539
 542
 555
 550
 557
 524
 538
 543
 554
 558
 552
 564
 546
 562
 568
 557
 578
 554
 563
 552
 569
 570
 566
 549
 536
 539
 553
 562
 550
 547
 527
 552
 565
 570
 544
 524
 540
 538
 544
 561
 554
 511
 520
 498
 539
 578
 640
 649
 739
 756
 743
 677
 581
 486
 438
 461
 479
 486
 486
 452
 484
 485
 539
 531
 547
 524
 549
 542
 578
 561
 555
 557
 544
 565
 575
 572
 573
 576
 547
 567
 578
 585
 565
 565
 570
 574
 586
 581
 588
 557
 576
 564
 595
 589
 581
 569
 562
 584
 595
 597
 591
 564
 585
 572
 620
 587
 612
 587
 581
 598
 606
 606
 611
 602
 586
 614
 622
 622
 621
 617
 605
 609
 642
 628
 636
 607
 626
 623
 648
 646
 635
 633
 614
 630
 627
 640
 619
 607
 590
 603
 607
 598
 602
 563
 582
 566
 591
 575
 578
 532
 561
 549
 564
 567
 558
 541
 536
 552
 560
 565
 542
 545
 538
 546
 567
 546
 557
 539
 546
 538
 574
 545
 558
 525
 541
 537
 562
 545
 549
 541
 533
 551
 550
 567
 552
 548
 534
 552
 560
 562
 555
 535
 552
 541
 559
 556
 557
 525
 535
 547
 550
 566
 557
 535
 548
 539
 568
 560
 560
 523
 552
 539
 569
 566
 550
 539
 537
 545
 565
 547
 560
 528
 552
 536
 551
 562
 546
 553
 542
 544
 559
 553
 553
 530
 548
 536
 571
 534
 562
 512
 544
 550
 553
 571
 544
 544
 538
 541
 563
 543
 564
 533
 550
 540
 554
 554
 550
 522
 541
 539
 564
 549
 552
 514
 551
 534
 562
 556
 547
 531
 530
 550
 549
 566
 542
 557
 546
 529
 563
 542
 555
 529
 545
 538
 567
 541
 545
 548
 534
 549
 549
 557
 549
 548
 540
 523
 565
 550
 561
 525
 554
 534
 568
 549
 557
 526
 537
 551
 545
 553
 547
 549
 541
 549
 569
 537
 562
 522
 549
 536
 571
 546
 563
 554
 538
 554
 549
 568
 539
 528
 531
 532
 579
 545
 557
 522
 547
 541
 562
 554
 551
 531
 540
 544
 576
 550
 558
 517
 558
 527
 568
 546
 561
 538
 545
 542
 559
 554
 554
 534
 541
 538
 566
 559
 553
 526
 533
 546
 552
 561
 548
 557
 539
 550
 572
 558
 570
 518
 552
 550
 583
 556
 562
 548
 551
 562
 570
 558
 572
 548
 561
 562
 593
 577
 559
 533
 534
 549
 565
 561
 557
 522
 547
 533
 568
 537
 557
 542
 557
 538
 562
 553
 556
