 375
 331
 373
 400
 367
 357
 363
 407
 386
 346
 354
 421
 382
 345
 377
 419
 374
 354
 382
 415
 366
 347
 376
 394
 388
 356
 357
 389
 383
 353
 365
 393
 379
 348
 356
 390
 385
 367
 378
 424
 425
 374
 380
 429
 408
 350
 380
 415
 388
 350
 369
 386
 361
 337
 345
 394
 369
 334
 345
 381
 357
 323
 357
 367
 371
 349
 414
 522
 578
 560
 561
 474
 395
 368
 370
 383
 384
 333
 348
 399
 365
 326
 361
 404
 364
 347
 363
 390
 373
 350
 359
 405
 388
 347
 361
 410
 398
 346
 375
 409
 382
 355
 373
 414
 405
 365
 377
 422
 414
 375
 391
 434
 427
 389
 383
 443
 440
 386
 402
 446
 416
 386
 403
 421
 409
 377
 370
 403
 405
 356
 349
 398
 386
 342
 343
 383
 378
 322
 348
 399
 375
 328
 351
 394
 365
 333
 354
 390
 376
 353
 345
 379
 372
 346
 330
 389
 369
 325
 353
 382
 370
 333
 350
 390
 363
 328
 352
 397
 381
 333
 330
 388
 375
 335
 356
 385
 381
 339
 353
 388
 367
 333
 348
 390
 384
 329
 353
 388
 366
 346
 333
 382
 364
 341
 344
 385
 382
 335
 372
 425
 386
 361
 355
 404
 390
 355
 354
 397
 365
 342
 343
 381
 357
 333
 349
 369
 375
 322
 346
 376
 370
 336
 321
 391
 393
 419
 504
 628
 601
 479
 393
 373
 387
 314
 335
 383
 356
 325
 336
 386
 366
 339
 346
 378
 370
 324
 363
 382
 380
 336
 367
 412
 377
 351
 365
 419
 390
 350
 376
 415
 392
 370
 386
 406
 412
 373
 380
 422
 424
 375
 383
 441
 412
 388
 394
 427
 429
 407
 397
 439
 434
 397
 378
 409
 406
 351
 363
 402
 379
 341
 337
 383
 364
 334
 336
 372
 389
 333
 347
 400
 385
 341
 346
 398
 362
 341
 365
 396
 379
 361
 342
 384
 392
 350
 336
 380
 392
 345
 341
 397
 377
 327
 354
 392
 365
 343
 340
 392
 393
 320
 330
 397
 370
 326
 342
 371
 379
 329
 331
 381
 361
 323
 334
 356
 355
 328
 325
 361
 386
 338
 349
 415
 381
 331
 358
 397
 389
 363
 336
 365
 367
 332
 323
 377
 368
 327
 337
 382
 360
 326
 322
 347
 356
 314
 315
 360
 397
 392
 470
 585
 557
 435
 341
 371
 344
 310
 305
 349
 366
 317
 323
 373
 356
 328
 340
 373
 361
 334
 337
 377
 377
 331
 330
 372
 365
 347
 323
 371
 381
 337
 345
 397
 380
 355
 356
 397
 403
 372
 367
 427
 409
 370
 385
 428
 413
 379
 380
 415
 415
 391
 389
 424
 419
 372
 355
 415
 381
 337
 341
 364
 349
 322
 313
 344
 350
 295
 315
 337
 356
 323
 320
 365
 362
 318
 325
 374
 362
 318
 335
 361
 376
 334
 333
 378
 370
 323
 338
 373
 362
 324
 330
 360
 366
 328
 302
 358
 347
 317
 325
 354
 354
 326
 317
 356
 361
 319
 321
 350
 362
 313
 315
 343
 345
 314
 321
 356
 378
 347
 325
 388
 379
 320
 336
 389
 373
 318
 315
 361
 345
 302
 318
 359
 337
 292
 296
 339
 328
 296
 294
 306
 336
 305
 316
 401
 479
 508
 500
 493
 370
 308
 308
 320
 317
 315
 298
 334
 351
 300
 305
 360
 344
 300
 319
 339
 338
 315
 300
 346
 357
 314
 301
 350
 367
 314
 309
 370
 365
 327
 327
 374
 370
 328
 349
 379
 378
 349
 357
 383
 386
 372
 347
 395
 398
 353
 352
 393
 393
 364
 363
 394
 383
 349
 345
 365
 382
 351
 315
 358
 358
 322
 325
 340
 346
 326
 300
 340
 357
 327
 301
 365
 355
 310
 320
 350
 351
 328
 309
 350
 353
 321
 301
 363
 351
 317
 317
 346
 342
 312
 315
 353
 347
 330
 304
 340
 356
 313
 296
 364
 339
 318
 302
 325
 351
 313
 290
 324
 339
 305
 293
 339
 340
 323
 298
 334
 344
 319
 328
 350
 374
 346
 334
 362
 353
 326
 328
 360
 361
 331
 309
 331
 335
 318
 301
 335
 348
 319
 290
 336
 351
 320
 284
 332
 348
 332
 369
 471
 546
 538
 475
 402
 380
 326
 289
 333
 337
 299
 282
 330
 347
 290
 269
 326
 337
 295
 280
 330
 343
 303
 288
 348
 334
 315
 301
 319
 353
 325
 291
 355
 359
 309
 311
 360
 364
 326
 309
 369
 375
 320
 331
 379
 375
 340
 353
 384
 382
 363
 338
 381
 387
 383
 338
 384
 398
 357
 321
 374
 373
 331
 301
 355
 353
 314
 305
 341
 336
 312
 298
 315
 330
 305
 286
 322
 339
 313
 290
 315
 350
 301
 275
 340
 340
 303
 297
 313
 319
 307
 296
 316
 338
 316
 288
 323
 348
 312
 285
 325
 355
 317
 283
 326
 338
 315
 279
 311
 329
 306
 275
 305
 337
 293
 274
 315
 322
 282
 260
 314
 342
 285
 267
 321
 324
 288
 297
 321
 343
 323
 297
 323
 347
 313
 274
 343
 349
 284
 277
 321
 325
 302
 264
 306
 337
 283
 271
 308
 316
 294
 263
 298
 325
 311
 314
 397
 477
 534
 475
 453
 390
 316
 294
 305
 341
 304
 288
 332
 322
 303
 292
 319
 365
 315
 298
 345
 362
 328
 318
 342
 361
 342
 310
 352
 372
 340
 315
 375
 379
 338
 328
 362
 393
 364
 327
 370
 406
 376
 337
 405
 423
 373
 370
 406
 425
 389
 367
 410
 421
 383
 374
 393
 403
 367
 337
 364
 382
 333
 301
 349
 356
 322
 302
 315
 358
 309
 276
 333
 339
 293
 273
 301
 317
 303
 251
 308
 300
 275
 233
 274
 310
 267
 242
 272
 286
 258
 245
 256
 288
 265
 221
 258
 284
 231
 228
 253
 278
 237
 219
 271
 286
 245
 222
 258
 269
 247
 231
 261
 280
 244
 228
 250
 260
 242
 226
 251
 280
 241
 214
 246
 275
 241
 215
 260
 278
 251
 217
 265
 301
 273
 242
 298
 305
 277
 257
 272
 308
 266
 251
 283
 275
 245
 226
 245
 276
 253
 211
 263
 275
 239
 228
 244
 281
 234
 225
 264
 302
 295
 333
 445
 534
 454
 324
 297
 302
 270
 231
 261
 297
 276
 225
 266
 297
 270
 228
 263
 303
 268
 236
 276
 329
 280
 247
 290
 328
 272
 264
 299
 323
 304
 272
 290
 324
 299
 280
 317
 347
 299
 293
 319
 353
 333
 290
 329
 357
 323
 296
 338
 346
 325
 287
 320
 359
 320
 304
 331
 341
 297
 284
 299
 345
 288
 257
 315
 313
 272
 261
 293
 333
 299
 264
 292
 322
 292
 248
 290
 320
 279
 248
 292
 317
 286
 257
 292
 300
 297
 251
 281
 325
 282
 262
 292
 308
 282
 274
 293
 314
 297
 270
 280
 327
 289
 244
 307
 323
 273
 269
 288
 309
 289
 258
 285
 322
 279
 248
 290
 317
 285
 250
 289
 321
 296
 261
 300
 324
 279
 260
 307
 323
 290
 274
 298
 323
 306
 291
 322
 337
 330
 274
 317
 357
 307
 281
 304
 309
 276
 252
 276
 298
 281
 254
 276
 301
 284
 246
 265
 304
 268
 228
 266
 331
 363
 398
 531
 533
 428
 314
 302
 326
 289
 253
 294
 327
 286
 250
 304
 312
 301
 273
 288
 319
 301
 275
 291
 342
 325
 275
 313
 349
 319
 284
 329
 366
 319
 287
 321
 370
 334
 306
 341
 368
 333
 316
 352
 367
 336
 309
 341
 366
 345
 317
 350
 369
 349
 316
 327
 351
 339
 302
 337
 366
 317
 278
 318
 352
 300
 274
 309
 336
 297
 255
 299
 331
 297
 269
 304
 348
 302
 266
 293
 338
 301
 264
 305
 344
 308
 269
 298
 335
 303
 263
 304
 345
 293
 248
 305
 331
 295
 262
 301
 318
 283
 261
 301
 322
 304
 267
 295
 324
 301
 260
 283
 317
 294
 250
 280
 323
 293
 256
 284
 321
 279
 245
 285
 321
 274
 253
 281
 310
 281
 257
 287
 314
 298
 274
 279
 302
 274
 261
 270
 288
 261
 232
 238
 275
 255
 208
 240
 271
 245
 211
 244
 285
 245
 207
 259
 294
 263
 260
 323
 433
 488
 483
 453
 367
 292
 270
 279
 294
 292
 271
 296
 328
 283
 253
 297
 332
 309
 256
 300
 343
 305
 263
 304
 342
 313
 262
 302
 342
 323
 270
 310
 344
 326
 298
 321
 349
 329
 299
 339
 357
 338
 319
 348
 373
 347
 317
 353
 375
 342
 319
 365
 389
 350
 323
 354
 372
 341
 304
 323
 350
 343
 285
 285
 318
 319
 258
 283
 326
 317
 259
 284
 325
 296
 260
 292
 320
 292
 264
 290
 309
 299
 281
 284
 322
 304
 270
 290
 324
 315
 265
 295
 326
 300
 265
 286
 314
 301
 262
 284
 312
 303
 249
 274
 320
 298
 255
 302
 324
 276
 255
 279
 322
 296
 254
 270
 322
 294
 250
 287
 336
 316
 279
 302
 344
 303
 265
 295
 348
 294
 267
 288
 324
 288
 258
 281
 325
 288
 249
 283
 305
 283
 247
 273
 301
 279
 260
 289
 374
 435
 458
 437
 409
 299
 243
 260
 306
 276
 243
 275
 321
 289
 250
 292
 330
 296
 261
 286
 321
 311
 250
 278
 328
 298
 244
 276
 314
 303
 254
 268
 322
 296
 256
 269
 337
 310
 269
 290
 322
 317
 294
 313
 349
 340
 310
 317
 358
 345
 301
 316
 369
 337
 293
 326
 361
 338
 293
 306
 344
 312
 272
 298
 321
 283
 263
 282
 302
 281
 249
 276
 292
 273
 253
 256
 294
 268
 250
 273
 302
 284
 250
 284
 302
 287
 257
 278
 298
 278
 247
 277
 293
 273
 257
 264
 296
 283
 252
 262
 308
 298
 249
 274
 320
 288
 257
 278
 310
 289
 267
 281
 302
 293
 264
 269
 313
 296
 250
 278
 327
 308
 277
 311
 348
 310
 268
 298
 321
 301
 272
 292
 308
 291
 254
 264
 291
 293
 263
 255
 296
 289
 251
 257
 292
 291
 239
 245
 325
 343
 351
 456
 521
 460
 303
 292
 319
 278
 241
 273
 314
 283
 242
 273
 302
 285
 249
 273
 311
 293
 258
 283
 312
 277
 258
 283
 325
 300
 260
 296
 333
 306
 277
 302
 330
 323
 301
 314
 335
 333
 298
 317
 351
 334
 312
 308
 345
 336
 306
 313
 346
 342
 309
 316
 355
 330
 301
 318
 338
 311
 273
 283
 325
 295
 259
 268
 316
 281
 263
 278
 303
 286
 262
 279
 298
 306
 273
 260
 302
 300
 258
 272
 306
 300
 250
 259
 323
 285
 249
 269
 303
 271
 239
 257
 297
 271
 260
 263
 297
 276
 243
 263
 297
 278
 242
 256
 298
 273
 246
 264
 301
 277
 253
 253
 307
 283
 250
 261
 299
 290
 251
 255
 303
 273
 249
 253
 310
 301
 279
 283
 318
 292
 277
 276
 311
 308
 266
 265
 288
 293
 241
 257
 290
 275
 236
 256
 263
 270
 241
 249
 272
 262
 251
 256
 344
 386
 422
 473
 505
 377
 291
 270
 285
 282
 250
 254
 279
 265
 249
 235
 290
 269
 239
 233
 294
 285
 237
 259
 300
 282
 256
 264
 314
 292
 269
 258
 299
 307
 257
 268
 302
 315
 283
 273
 308
 313
 282
 272
 322
 324
 282
 283
 322
 330
 293
 297
 340
 332
 297
 304
 318
 309
 289
 287
 302
 299
 256
 261
 295
 283
 250
 255
 276
 287
 247
 246
 286
 298
 234
 254
 302
 291
 239
 253
 300
 286
 238
 246
 286
 288
 233
 243
 289
 267
 235
 245
 282
 273
 249
 236
 273
 288
 226
 226
 285
 276
 238
 238
 283
 271
 242
 257
 293
 269
 243
 243
 279
 262
 247
 234
 265
 273
 245
 241
 268
 278
 247
 242
 270
 288
 237
 238
 280
 289
 258
 246
 282
 304
 274
 277
 303
 309
 283
 251
 290
 294
 270
 238
 268
 280
 233
 225
 275
 269
 225
 217
 266
 264
 225
 218
 264
 275
 216
 224
 298
 333
 344
 439
 503
 443
 313
 277
 284
 272
 248
 231
 270
 270
 237
 227
 266
 266
 232
 226
 272
 280
 229
 230
 289
 283
 237
 239
 278
 293
 251
 237
 279
 283
 253
 245
 273
 294
 274
 246
 293
 306
 255
 265
 303
 298
 271
 277
 315
 313
 288
 288
 320
 312
 298
 278
 301
 314
 267
 251
 282
 289
 238
 237
 276
 271
 237
 242
 260
 266
 249
 232
