 663
 673
 740
 746
 672
 674
 769
 751
 667
 627
 712
 701
 646
 618
 670
 701
 640
 580
 679
 730
 660
 636
 707
 706
 640
 643
 782
 885
 832
 766
 742
 725
 638
 609
 647
 686
 614
 587
 654
 663
 594
 566
 625
 642
 580
 544
 627
 637
 542
 520
 588
 611
 513
 494
 552
 574
 478
 466
 528
 521
 455
 437
 507
 544
 473
 466
 565
 584
 508
 491
 548
 553
 481
 438
 493
 503
 433
 409
 501
 513
 445
 435
 502
 548
 464
 455
 523
 545
 495
 483
 576
 592
 530
 516
 582
 605
 533
 505
 565
 588
 520
 495
 585
 614
 562
 539
 637
 647
 545
 542
 618
 619
 550
 568
 676
 743
 657
 625
 713
 734
 642
 596
 650
 674
 573
 530
 557
 570
 483
 434
 498
 517
 442
 427
 506
 550
 483
 462
 548
 541
 461
 442
 520
 538
 469
 427
 494
 503
 441
 428
 520
 557
 502
 501
 608
 617
 537
 502
 582
 601
 531
 504
 567
 592
 518
 485
 553
 573
 533
 528
 588
 621
 553
 530
 594
 594
 500
 464
 563
 641
 630
 681
 757
 719
 541
 490
 549
 544
 485
 460
 524
 543
 458
 399
 490
 501
 428
 387
 459
 489
 402
 377
 435
 446
 407
 405
 483
 524
 468
 461
 517
 555
 508
 493
 573
 586
 515
 486
 550
 589
 526
 495
 576
 590
 547
 519
 598
 638
 588
 542
 602
 617
 550
 562
 629
 620
 537
 520
 580
 593
 513
 476
 528
 545
 470
 447
 511
 522
 462
 417
 490
 516
 455
 438
 518
 546
 476
 450
 487
 496
 462
 429
 475
 508
 427
 413
 495
 528
 473
 444
 537
 557
 487
 459
 538
 574
 517
 469
 552
 578
 530
 474
 552
 551
 492
 466
 557
 571
 517
 473
 531
 553
 479
 462
 522
 557
 485
 478
 530
 565
 490
 435
 522
 558
 478
 468
 526
 551
 479
 441
 526
 535
 450
 418
 490
 522
 454
 433
 502
 514
 484
 443
 479
 513
 443
 411
 478
 522
 453
 447
 554
 649
 658
 651
 673
 619
 493
 438
 507
 526
 439
 412
 472
 513
 417
 402
 469
 506
 429
 405
 465
 497
 411
 409
 452
 491
 395
 377
 458
 474
 413
 380
 459
 486
 417
 401
 472
 507
 435
 405
 484
 534
 476
 457
 521
 562
 509
 458
 557
 586
 514
 478
 561
 586
 496
 481
 545
 561
 499
 441
 520
 534
 489
 457
 513
 556
 474
 465
 498
 547
 457
 413
 469
 506
 422
 383
 437
 483
 408
 377
 430
 483
 437
 401
 472
 496
 425
 377
 464
 482
 403
 385
 453
 486
 419
 378
 456
 467
 413
 410
 464
 501
 427
 380
 466
 491
 421
 393
 471
 511
 452
 413
 489
 523
 438
 417
 488
 515
 459
 405
 475
 521
 464
 411
 519
 553
 467
 444
 483
 494
 420
 406
 474
 501
 414
 357
 413
 468
 414
 353
 446
 491
 407
 382
 466
 474
 410
 397
 463
 499
 481
 466
 624
 696
 603
 478
 497
 524
 431
 393
 469
 510
 424
 406
 459
 502
 419
 401
 459
 485
 419
 390
 477
 490
 406
 382
 472
 504
 435
 399
 450
 471
 423
 398
 459
 492
 443
 430
 473
 519
 440
 400
 493
 518
 453
 441
 484
 531
 471
 426
 498
 522
 482
 441
 526
 557
 501
 464
 536
 558
 467
 412
 470
 492
 442
 387
 464
 500
 425
 390
 469
 506
 430
 394
 461
 513
 457
 408
 468
 488
 423
 381
 459
 495
 430
 410
 474
 507
 439
 406
 461
 488
 423
 389
 474
 462
 422
 389
 476
 490
 440
 398
 461
 478
 400
 380
 431
 469
 392
 366
 446
 490
 429
 388
 458
 489
 432
 411
 469
 508
 423
 394
 454
 496
 430
 423
 511
 522
 434
 408
 460
 499
 450
 386
 482
 495
 426
 392
 450
 489
 417
 372
 436
 474
 403
 364
 431
 477
 404
 339
 450
 525
 521
 577
 672
 688
 476
 406
 457
 477
 392
 361
 445
 483
 409
 378
 454
 469
 419
 381
 429
 481
 404
 371
 435
 468
 420
 359
 437
 465
 403
 367
 417
 468
 400
 370
 443
 469
 404
 400
 459
 499
 435
 404
 475
 519
 439
 402
 477
 477
 437
 402
 459
 514
 435
 394
 469
 504
 443
 394
 463
 509
 421
 383
 441
 476
 392
 357
 431
 462
 381
 351
 414
 450
 392
 373
 427
 468
 424
 389
 452
 480
 413
 386
 421
 475
 380
 341
 418
 436
 394
 354
 415
 478
 398
 358
 441
 492
 411
 376
 430
 461
 392
 350
 419
 457
 375
 344
 409
 446
 395
 354
 423
 450
 397
 348
 405
 450
 386
 347
 423
 451
 400
 355
 451
 497
 401
 379
 445
 486
 407
 365
 427
 469
 398
 351
 417
 438
 396
 337
 395
 446
 383
 341
 389
 421
 383
 347
 420
 466
 366
 354
 427
 490
 461
 503
 651
 694
 564
 444
 455
 465
 385
 345
 416
 445
 399
 337
 417
 449
 378
 331
 422
 451
 400
 348
 410
 442
 386
 346
 413
 452
 393
 331
 423
 456
 388
 350
 411
 447
 370
 344
 423
 468
 394
 355
 424
 478
 426
 381
 458
 474
 417
 386
 453
 482
 420
 386
 436
 500
 444
 389
 459
 498
 422
 397
 451
 501
 418
 360
 432
 451
 378
 370
 420
 475
 418
 360
 458
 485
 398
 362
 425
 475
 393
 364
 414
 450
 372
 331
 378
 437
 381
 325
 405
 441
 350
 321
 375
 413
 361
 303
 372
 406
 351
 290
 369
 395
 344
 285
 354
 393
 344
 306
 345
 400
 350
 299
 379
 426
 358
 320
 386
 436
 371
 325
 396
 436
 376
 341
 418
 470
 420
 358
 434
 489
 415
 338
 417
 443
 405
 350
 395
 437
 379
 330
 394
 446
 373
 341
 404
 436
 348
 338
 395
 425
 366
 332
 395
 469
 474
 485
 603
 620
 447
 348
 390
 395
 322
 296
 365
 391
 361
 299
 349
 398
 345
 305
 366
 394
 330
 279
 355
 404
 346
 306
 361
 410
 356
 307
 347
 406
 345
 289
 369
 405
 370
 333
 395
 438
 396
 337
 416
 482
 424
 368
 459
 469
 424
 362
 439
 479
 406
 368
 433
 469
 426
 393
 450
 487
 421
 363
 421
 471
 402
 326
 405
 437
 362
 322
 382
 418
 368
 310
 366
 417
 365
 322
 368
 410
 363
 321
 362
 403
 341
 280
 347
 393
 320
 270
 326
 387
 329
 284
 344
 386
 339
 294
 364
 416
 347
 290
 350
 398
 343
 286
 347
 407
 355
 317
 366
 422
 389
 303
 362
 421
 378
 319
 364
 407
 366
 310
 390
 445
 394
 334
 402
 461
 409
 362
 436
 524
 446
 381
 471
 519
 438
 396
 458
 485
 423
 374
 433
 455
 396
 331
 418
 452
 404
 357
 396
 453
 391
 333
 391
 469
 430
 427
 572
 695
 602
 481
 447
 449
 393
 313
 365
 433
 374
 319
 374
 416
 361
 326
 368
 424
 372
 300
 364
 412
 357
 306
 347
 403
 355
 300
 357
 406
 354
 295
 362
 394
 327
 297
 384
 425
 392
 351
 401
 469
 412
 386
 432
 485
 416
 362
 402
 470
 411
 363
 399
 447
 402
 365
 382
 459
 398
 336
 406
 437
 375
 330
 355
 418
 353
 308
 374
 418
 358
 282
 346
 401
 383
 305
 366
 431
 370
 315
 377
 413
 361
 295
 360
 394
 340
 296
 347
 390
 340
 291
 341
 399
 352
 300
 349
 403
 341
 293
 337
 400
 345
 310
 364
 418
 372
 309
 363
 423
 342
 298
 357
 406
 368
 295
 359
 420
 358
 298
 361
 412
 354
 288
 353
 416
 351
 289
 325
 392
 341
 289
 345
 418
 350
 307
 362
 414
 372
 302
 365
 408
 334
 268
 314
 345
 298
 272
 305
 370
 314
 270
 319
 364
 317
 262
 321
 392
 356
 370
 501
 606
 538
 404
 377
 409
 312
 266
 320
 362
 309
 251
 305
 376
 321
 264
 315
 387
 326
 289
 347
 389
 338
 277
 338
 403
 342
 288
 343
 401
 335
 298
 342
 397
 344
 286
 346
 405
 345
 295
 360
 394
 361
 299
 355
 409
 366
 299
 360
 430
 365
 306
 351
 424
 369
 317
 378
 433
 369
 304
 346
 405
 355
 273
 347
 390
 339
 276
 339
 405
 354
 317
 370
 426
 363
 312
 361
 418
 368
 293
 354
 420
 361
 308
 328
 381
 330
 284
 339
 392
 338
 275
 325
 393
 328
 277
 337
 367
 309
 254
 288
 378
 326
 274
 322
 393
 331
 283
 341
 422
 348
 305
 351
 408
 350
 283
 336
 390
 334
 283
 337
 382
 329
 274
 324
 382
 329
 287
 347
 402
 359
 304
 340
 406
 373
 314
 347
 393
 361
 300
 360
 405
 346
 282
 309
 386
 325
 269
 307
 362
 326
 241
 306
 358
 313
 255
 316
 377
 320
 293
 400
 551
 558
 473
 427
 403
 333
 265
 305
 358
 309
 268
 332
 381
 329
 281
 329
 389
 340
 271
 330
 392
 323
 276
 326
 396
 327
 283
 306
 368
 315
 230
 317
 354
 306
 271
 322
 347
 310
 278
 309
 388
 332
 290
 313
 381
 343
 282
 316
 397
 353
 283
 329
 396
 346
 291
 342
 388
 338
 279
 311
 377
 314
 241
 297
 356
 311
 261
 314
 360
 317
 255
 311
 372
 314
 262
 329
 365
 333
 275
 320
 381
 337
 263
 314
 359
 308
 245
 306
 354
 298
 230
 295
 358
 312
 266
 300
 363
 316
 282
 328
 370
 317
 245
 300
 339
 284
 233
 276
 337
 297
 243
 299
 358
 301
 247
 292
 355
 312
 270
 319
 364
 322
 254
 300
 357
 311
 235
 284
 343
 309
 242
 308
 387
 323
 281
 335
 392
 353
 284
 334
 390
 357
 286
 323
 373
 326
 242
 286
 353
 288
 240
 275
 328
 277
 226
 265
 328
 295
 273
 393
 541
 505
 422
 383
 375
 324
 241
 283
 320
 269
 224
 255
 328
 272
 235
 269
 322
 283
 225
 263
 344
 313
 239
 294
 351
 296
 220
 281
 331
 312
 264
 305
 369
 337
 290
 346
 384
 357
 295
 353
 417
 356
 284
 336
 407
 346
 277
 326
 383
 339
 284
 334
 389
 343
 293
 328
 391
 339
 267
 304
 347
 288
 235
 264
 332
 288
 229
 277
 357
 315
 268
 277
 342
 315
 227
 282
 357
 318
 251
 281
 333
 274
 225
 290
 345
 281
 238
 272
 332
 285
 241
 297
 330
 304
 240
 297
 349
 314
 243
 277
 338
 298
 222
 272
 351
 296
 230
 269
 325
 278
 237
 282
 337
 294
 228
 274
 318
 262
 218
 265
 320
 277
 201
 268
 317
 273
 226
 277
 347
 309
 245
 292
 361
 315
 261
 320
 358
 325
 267
 301
 371
 314
 254
 322
 354
 289
 233
 262
 328
 292
 233
 261
 334
 301
 203
 268
 322
 281
 244
 298
 378
 397
 407
 521
 547
 410
 276
 283
 356
 277
 229
 283
 331
 283
 205
 258
 324
 274
 196
 256
 336
 290
 224
 259
 335
 300
 245
 300
 343
 314
 248
 280
 348
 311
 237
 283
 361
 315
 250
 286
 344
 303
 247
 308
 376
 331
 280
 325
 390
 357
 294
 360
 405
 374
 318
 365
 425
 369
 301
 347
 402
 345
 267
 299
 346
 300
 243
 294
 363
 305
 249
 293
 330
 306
 250
 300
 361
 337
 272
 293
 388
 326
 271
 310
 363
 341
 279
 301
 377
 325
 247
 303
 349
 326
 270
 295
 375
 331
 274
 306
 357
 331
 290
 293
 353
 314
 242
 248
 320
 275
 217
 249
 330
 295
 235
 269
 345
 311
 244
 270
 342
 286
 227
 254
 309
 269
 213
 274
 322
 283
 235
 278
 360
 341
 288
 341
 399
 351
 282
 338
 381
 354
 293
 324
 375
 322
 260
 276
 361
 302
 243
 290
 357
 316
 245
 278
 344
 307
 240
 290
 416
 424
 437
 507
 508
 345
 245
 262
 307
 256
 204
 220
 306
 258
 200
 223
 294
 264
 193
 236
 305
 288
 216
 243
 304
 273
 229
 278
 352
 317
 257
 310
 366
 346
 274
 327
 393
 352
 294
 331
 392
 350
 296
 325
 385
 342
 303
 349
 419
 364
 314
 349
 387
 342
 282
 317
 386
 333
 254
 279
 339
 281
 228
 239
 292
 258
 213
 242
 285
 273
 210
 234
 292
 261
 198
 239
 314
 285
 227
 279
 350
 301
 244
 285
 348
 300
 227
 268
 326
 290
 241
 280
 360
 321
 266
 311
 368
 347
 267
 315
 369
