469
 501
 533
 467
 474
 499
 525
 458
 469
 506
 514
 466
 449
 508
 509
 458
 454
 498
 509
 463
 440
 508
 489
 472
 453
 487
 527
 471
 478
 520
 542
 487
 488
 523
 537
 473
 483
 518
 528
 464
 462
 506
 514
 459
 458
 499
 509
 468
 461
 525
 506
 472
 461
 517
 502
 452
 439
 517
 509
 469
 453
 525
 521
 497
 482
 526
 531
 484
 465
 528
 502
 471
 452
 503
 507
 467
 454
 496
 491
 462
 450
 498
 488
 459
 460
 556
 616
 670
 657
 688
 573
 493
 466
 517
 503
 472
 456
 506
 491
 464
 451
 506
 511
 457
 458
 514
 517
 481
 456
 516
 507
 475
 451
 524
 522
 494
 456
 526
 525
 507
 473
 544
 534
 490
 471
 546
 537
 502
 492
 528
 556
 507
 497
 546
 559
 522
 515
 573
 563
 518
 510
 578
 544
 514
 491
 545
 536
 471
 475
 502
 522
 468
 450
 511
 513
 478
 449
 494
 500
 464
 451
 503
 509
 475
 437
 492
 507
 451
 460
 509
 518
 460
 439
 509
 491
 453
 437
 486
 490
 459
 429
 480
 492
 466
 438
 488
 487
 478
 452
 503
 511
 438
 456
 506
 517
 462
 445
 486
 508
 452
 423
 497
 493
 464
 422
 486
 494
 449
 443
 470
 498
 451
 448
 493
 509
 460
 441
 493
 515
 447
 445
 486
 507
 461
 438
 507
 510
 477
 460
 511
 530
 506
 472
 532
 524
 481
 458
 509
 511
 464
 445
 497
 503
 456
 428
 491
 496
 473
 433
 502
 492
 480
 487
 592
 692
 694
 649
 619
 557
 500
 470
 508
 526
 481
 465
 503
 539
 494
 471
 524
 543
 501
 485
 533
 553
 511
 499
 555
 558
 538
 511
 569
 574
 543
 514
 567
 587
 542
 553
 581
 600
 549
 523
 580
 601
 557
 554
 594
 618
 580
 561
 603
 631
 585
 575
 614
 643
 594
 580
 618
 616
 563
 528
 560
 589
 514
 489
 540
 558
 517
 462
 535
 529
 490
 455
 507
 520
 466
 445
 475
 488
 421
 428
 442
 471
 435
 380
 445
 446
 393
 391
 420
 445
 399
 377
 417
 446
 384
 377
 427
 426
 408
 370
 422
 429
 405
 373
 428
 435
 408
 372
 415
 429
 397
 374
 425
 443
 385
 379
 422
 447
 398
 383
 450
 445
 427
 390
 440
 464
 404
 406
 440
 474
 428
 406
 437
 468
 420
 422
 448
 472
 419
 420
 446
 475
 420
 423
 466
 481
 444
 435
 471
 503
 460
 439
 475
 498
 431
 427
 457
 497
 428
 420
 451
 496
 438
 427
 454
 479
 433
 418
 450
 481
 435
 421
 487
 549
 600
 651
 689
 661
 518
 474
 489
 510
 443
 433
 461
 506
 433
 411
 445
 467
 433
 413
 447
 477
 434
 418
 464
 485
 439
 410
 456
 489
 434
 424
 438
 474
 436
 391
 452
 477
 454
 409
 457
 493
 432
 436
 474
 518
 461
 441
 482
 523
 474
 453
 497
 534
 473
 450
 491
 514
 472
 441
 485
 496
 459
 426
 477
 469
 438
 405
 449
 476
 439
 414
 453
 464
 439
 395
 461
 463
 427
 405
 438
 480
 417
 408
 427
 485
 419
 407
 429
 475
 427
 398
 453
 463
 420
 395
 430
 459
 439
 403
 466
 461
 425
 409
 467
 481
 450
 391
 459
 463
 436
 395
 461
 465
 431
 400
 446
 471
 434
 417
 438
 490
 426
 398
 464
 474
 437
 409
 462
 467
 446
 401
 452
 474
 437
 399
 449
 481
 441
 422
 446
 489
 436
 423
 450
 492
 449
 416
 467
 477
 452
 417
 478
 497
 471
 436
 482
 489
 453
 417
 458
 479
 433
 403
 439
 475
 419
 393
 441
 466
 452
 389
 440
 459
 423
 383
 442
 472
 456
 479
 622
 703
 644
 510
 499
 482
 459
 390
 443
 464
 428
 389
 431
 467
 412
 402
 436
 475
 443
 394
 458
 469
 453
 395
 448
 454
 436
 394
 444
 471
 417
 370
 418
 455
 433
 400
 435
 467
 434
 410
 436
 491
 436
 417
 452
 509
 446
 444
 467
 497
 466
 430
 486
 514
 482
 436
 484
 511
 477
 419
 470
 498
 443
 403
 441
 470
 431
 388
 432
 461
 419
 381
 447
 467
 414
 377
 422
 459
 418
 379
 429
 445
 427
 385
 427
 448
 421
 384
 430
 450
 414
 384
 405
 471
 411
 383
 418
 461
 424
 377
 415
 453
 410
 372
 417
 443
 414
 384
 409
 471
 421
 387
 430
 458
 430
 367
 436
 450
 413
 397
 404
 471
 404
 381
 423
 433
 412
 362
 414
 436
 413
 376
 411
 454
 414
 383
 417
 435
 427
 382
 409
 445
 409
 389
 411
 466
 438
 417
 451
 495
 447
 406
 432
 474
 431
 403
 411
 452
 430
 379
 421
 430
 413
 379
 405
 444
 406
 377
 397
 446
 386
 399
 457
 549
 617
 581
 605
 522
 436
 386
 429
 433
 416
 376
 421
 459
 423
 375
 421
 461
 406
 406
 434
 493
 443
 405
 453
 470
 453
 405
 466
 473
 441
 398
 446
 456
 438
 395
 422
 466
 437
 400
 415
 473
 438
 413
 434
 483
 449
 419
 454
 511
 461
 442
 491
 509
 485
 432
 484
 503
 477
 414
 455
 473
 425
 400
 413
 450
 399
 361
 428
 430
 420
 377
 415
 450
 418
 393
 418
 453
 414
 386
 417
 450
 434
 380
 409
 455
 426
 394
 416
 453
 407
 377
 411
 449
 413
 359
 406
 438
 399
 357
 400
 432
 395
 368
 400
 450
 407
 379
 412
 445
 430
 390
 399
 459
 425
 386
 403
 433
 418
 367
 405
 445
 399
 369
 380
 445
 396
 362
 406
 441
 419
 357
 413
 445
 431
 393
 447
 465
 441
 402
 426
 444
 439
 393
 406
 453
 401
 356
 401
 432
 403
 360
 397
 426
 400
 364
 392
 439
 388
 363
 386
 482
 502
 544
 638
 611
 493
 379
 412
 437
 400
 361
 380
 441
 393
 355
 383
 422
 405
 375
 392
 439
 411
 377
 390
 449
 408
 369
 413
 428
 405
 376
 399
 442
 391
 373
 404
 432
 417
 378
 413
 467
 417
 399
 419
 475
 444
 422
 460
 494
 465
 422
 461
 505
 487
 438
 484
 500
 477
 429
 462
 483
 453
 415
 418
 465
 420
 382
 424
 461
 435
 385
 402
 470
 426
 394
 421
 469
 429
 402
 422
 464
 429
 404
 428
 460
 436
 380
 429
 457
 436
 400
 415
 468
 436
 396
 436
 461
 446
 401
 425
 477
 445
 406
 435
 492
 459
 413
 447
 473
 465
 400
 404
 485
 427
 403
 422
 464
 417
 366
 420
 457
 428
 391
 413
 466
 432
 386
 419
 458
 455
 415
 458
 482
 477
 407
 456
 478
 460
 410
 434
 474
 430
 392
 418
 454
 439
 381
 418
 445
 433
 388
 421
 457
 435
 354
 405
 443
 443
 459
 534
 660
 626
 537
 461
 481
 436
 388
 407
 458
 437
 391
 410
 447
 427
 378
 413
 460
 442
 385
 415
 447
 434
 391
 426
 467
 415
 394
 418
 467
 453
 395
 443
 460
 435
 414
 434
 488
 468
 403
 454
 493
 465
 439
 451
 514
 459
 435
 458
 491
 490
 435
 471
 502
 462
 447
 459
 501
 461
 424
 431
 469
 467
 417
 425
 472
 431
 389
 429
 469
 441
 405
 405
 457
 434
 404
 426
 454
 425
 398
 404
 443
 447
 391
 405
 459
 432
 407
 411
 454
 436
 391
 413
 469
 445
 404
 417
 454
 447
 382
 420
 464
 437
 410
 427
 465
 456
 402
 437
 471
 437
 399
 420
 451
 441
 405
 405
 459
 447
 409
 430
 463
 445
 421
 420
 478
 444
 400
 439
 462
 463
 432
 441
 500
 482
 447
 458
 490
 486
 425
 440
 482
 463
 396
 424
 474
 434
 400
 414
 455
 445
 385
 414
 444
 445
 396
 404
 461
 431
 426
 495
 622
 667
 605
 576
 523
 487
 417
 447
 493
 448
 421
 433
 463
 473
 408
 453
 477
 475
 413
 445
 491
 453
 416
 453
 488
 474
 426
 437
 485
 465
 437
 444
 497
 484
 425
 456
 507
 489
 456
 457
 517
 500
 454
 486
 536
 526
 491
 491
 554
 538
 481
 505
 552
 529
 475
 483
 533
 501
 443
 482
 510
 476
 436
 457
 488
 459
 429
 430
 482
 465
 426
 450
 479
 473
 413
 449
 497
 458
 423
 443
 484
 470
 426
 445
 482
 474
 431
 452
 509
 475
 461
 443
 474
 481
 407
 440
 484
 469
 434
 430
 478
 453
 437
 430
 501
 465
 437
 447
 486
 482
 423
 452
 481
 472
 415
 457
 473
 471
 417
 426
 490
 458
 430
 440
 482
 484
 434
 441
 493
 477
 425
 465
 496
 485
 420
 458
 493
 491
 434
 466
 518
 497
 458
 446
 510
 486
 441
 464
 485
 484
 429
 424
 491
 469
 426
 435
 492
 473
 425
 431
 471
 473
 415
 415
 501
 503
 513
 628
 720
 686
 555
 518
 524
 509
 438
 451
 502
 477
 442
 464
 481
 480
 433
 442
 514
 469
 447
 433
 507
 497
 450
 449
 503
 485
 446
 457
 503
 485
 441
 451
 511
 498
 443
 470
 517
 520
 451
 473
 524
 509
 471
 477
 538
 517
 482
 489
 543
 532
 505
 478
 549
 522
 469
 487
 520
 521
 457
 469
 513
 508
 451
 471
 494
 488
 453
 451
 501
 478
 454
 450
 481
 503
 424
 459
 511
 470
 449
 443
 486
 482
 443
 444
 468
 489
 432
 451
 504
 485
 438
 444
 497
 471
 447
 449
 497
 479
 441
 451
 501
 487
 438
 445
 500
 479
 454
 441
 498
 509
 443
 451
 494
 499
 439
 445
 506
 477
 440
 445
 485
 477
 423
 439
 482
 486
 420
 433
 490
 470
 449
 434
 486
 490
 434
 458
 498
 498
 447
 450
 524
 513
 473
 487
 521
 522
 454
 471
 521
 508
 439
 455
 502
 482
 432
 437
 474
 481
 424
 443
 478
 485
 417
 434
 474
 459
 431
 445
 557
 658
 672
 666
 614
 547
 472
 460
 498
 471
 433
 450
 479
 484
 427
 436
 485
 467
 440
 424
 474
 493
 427
 443
 491
 486
 437
 439
 477
 486
 425
 437
 481
 469
 442
 437
 494
 488
 430
 443
 495
 474
 451
 450
 499
 508
 450
 468
 541
 507
 479
 481
 518
 529
 460
 463
 520
 516
 445
 464
 501
 483
 446
 442
 477
 468
 434
 417
 481
 506
 435
 437
 489
 474
 446
 425
 485
 479
 420
 436
 477
 465
 429
 419
 483
 473
 416
 430
 470
 465
 429
 424
 478
 464
 420
 435
 462
 471
 409
 417
 480
 457
 421
 420
 462
 458
 432
 418
 467
 458
 429
 421
 469
 466
 410
 418
 446
 450
 419
 387
 461
 461
 400
 411
 471
 452
 413
 415
 447
 458
 401
 402
 466
 452
 422
 424
 453
 458
 412
 412
 467
 475
 428
 465
 485
 477
 434
 435
 486
 466
 423
 407
 452
 450
 393
 407
 456
 442
 406
 413
 454
 443
 393
 396
 450
 456
 413
 436
 544
 629
 652
 612
 580
 461
 407
 406
 449
 437
 392
 389
 440
 434
 414
 381
 443
 449
 408
 402
 467
 450
 407
 424
 474
 461
 414
 406
 447
 458
 397
 419
 454
 444
 421
 396
 456
 478
 421
 427
 477
 488
 446
 447
 500
 497
 458
 461
 521
 504
 453
 449
 497
 499
 458
 435
 486
 490
 430
 436
 473
 479
 429
 400
 446
 466
 388
 410
 458
 442
 403
 396
 430
 445
 379
 402
 453
 435
 389
 398
 439
 449
 395
 401
 449
 439
 407
 406
 454
 438
 411
 391
 446
 455
 399
 383
 438
 433
 395
 385
 430
 447
 393
 385
 444
 425
 387
 379
 420
 437
 381
 375
 437
 429
 372
 371
 427
 423
 404
 360
 420
 434
 372
 385
 430
 425
 386
 377
 439
 453
 409
 407
 450
 485
 423
 418
 471
 460
 412
 418
 451
 454
 417
 388
 445
 431
 384
 365
 410
 421
 375
 381
 429
 431
 375
 374
 406
 426
 401
 432
 563
 630
 607
 539
 490
 445
 400
 382
 409
 443
 396
 378
 442
 421
 395
 403
 443
 451
 398
 386
 453
 445
 418
 385
 445
 442
 389
 389
 422
 431
 379
 396
 437
 450
 408
 392
 444
 438
 409
 396
 458
 462
 418
 419
 447
 473
 437
 414
 490
 495
 444
 442
 481
 497
 447
 430
 485
 477
 436
 420
 443
 446
 408
 383
 439
 429
 391
 381
 431
 451
 391
 392
 422
 432
 393
 370
 447
 429
