180
160
173
147
153
126
133
101
101
69
71
35
31
253
163
138
142
106
108
76
74
33
31
252
246
206
202
172
168
134
134
112
114
91
99
86
94
81
95
94
113
110
134
142
168
172
202
214
245
251
29
41
73
76
108
114
143
141
169
167
191
179
202
191
210
192
209
193
204
177
187
162
167
134
138
107
106
67
67
32
26
243
239
205
199
163
164
136
134
109
115
97
104
86
97
86
96
88
106
103
120
119
143
146
169
173
201
208
234
241
17
23
50
55
86
89
115
114
143
138
159
151
174
162
179
165
185
167
180
160
173
147
153
126
133
101
101
69
71
35
31
253
163
138
142
106
108
76
74
33
31
252
246
206
202
172
168
134
134
112
114
91
99
86
94
81
95
94
113
110
134
142
168
172
202
214
245
251
29
41
73
76
108
114
143
141
169
167
191
179
202
191
210
192
209
193
204
177
187
162
167
134
138
107
106
67
67
32
26
243
239
205
199
163
164
136
134
109
115
97
104
86
97
86
96
88
106
103
120
119
143
146
169
173
201
208
234
241
17
23
50
55
86
89
115
114
143
138
159
151
174
162
179
165
185
167

