206
200
227
217
237
222
241
220
229
199
208
175
175
138
140
101
96
57
53
12
5
223
219
184
179
149
151
125
127
108
117
99
49
8
5
229
227
189
187
158
158
127
129
111
116
94
103
91
101
86
100
98
115
113
137
145
171
177
209
223
255
9
45
60
95
102
138
149
182
184
218
218
244
231
255
247
10
248
12
251
9
236
245
216
219
182
184
150
147
105
103
66
60
17
13
233
226
187
184
156
154
126
131
114
119
101
112
102
114
106
126
128
148
151
179
188
216
225
4
17
49
59
97
106
138
143
177
179
206
200
227
217
237
222
241
220
229
199
208
175
175
138
140
101
96
57
53
12
5
223
219
184
179
149
151
125
127
108
117
99
49
8
5
229
227
189
187
158
158
127
129
111
116
94
103
91
101
86
100
98
115
113
137
145
171
177
209
223
255
9
45
60
95
102
138
149
182
184
218
218
244
231
255
247
10
248
12
251
9
236
245
216
219
182
184
150
147
105
103
66
60
17
13
233
226
187
184
156
154
126
131
114
119
101
112
102
114
106
126
128
148
151
179
188
216
225
4
17
49
59
97
106
138
143
177
179

