35
46
81
94
131
137
170
175
206
200
225
219
242
226
245
226
239
207
212
180
183
143
141
105
102
59
53
14
8
221
212
178
171
133
127
102
102
75
80
64
73
54
62
56
68
59
77
80
101
102
126
135
162
167
197
210
241
246
22
32
61
61
89
90
115
104
125
119
137
119
134
118
128
98
102
77
78
39
97
102
135
137
164
158
185
177
196
181
201
182
193
167
177
145
146
110
112
74
69
30
26
243
234
197
194
158
151
121
122
95
95
77
85
68
75
64
80
74
91
94
120
125
151
163
195
207
239
254
35
46
81
94
131
137
170
175
206
200
225
219
242
226
245
226
239
207
212
180
183
143
141
105
102
59
53
14
8
221
212
178
171
133
127
102
102
75
80
64
73
54
62
56
68
59
77
80
101
102
126
135
162
167
197
210
241
246
22
32
61
61
89
90
115
104
125
119
137
119
134
118
128
98
102
77
78
39
97
102
135
137
164
158
185
177
196
181
201
182
193
167
177
145
146
110
112
74
69
30
26
243
234
197
194
158
151
121
122
95
95
77
85
68
75
64
80
74
91
94
120
125
151
163
195
207
239
254

