187
175
190
175
187
175
190
176
187
175
189
174
187
175
190
175
186
175
190
175
187
176
190
175
186
176
190
174
186
176
190
174
187
176
190
174
187
176
190
173
186
177
190
174
186
177
190
174
187
177
190
174
187
176
190
174
186
177
190
174
187
177
190
174
187
176
189
173
186
177
190
173
186
177
190
174
187
177
190
174
187
177
190
173
187
177
190
173
187
177
189
172
186
177
189
172
187
177
189
173
187
177
190
173
187
177
189
173
187
174
189
176
187
174
190
176
187
174
189
176
187
174
189
175
187
175
190
175

